3 0 17 53 5 22 
4 1 16 36 3 40 
0 3 26 15 14 42 
3 0 12 38 15 32 
3 1 14 42 11 29 
9 0 21 50 0 20 
1 0 6 55 2 36 
0 1 17 45 5 32 
0 0 7 52 12 29 
7 1 6 33 19 34 
2 0 13 26 15 44 
1 0 12 57 2 28 
3 1 4 31 2 59 
3 1 11 44 17 24 
3 0 7 39 8 43 
1 0 27 62 2 8 
2 1 6 50 2 39 
1 0 10 45 7 37 
3 0 12 58 0 27 
1 5 26 28 8 32 
0 2 8 74 4 12 
0 1 11 32 20 36 
1 2 7 18 27 45 
0 0 9 54 2 35 
5 2 15 31 25 22 
5 0 15 34 10 36 
2 0 10 27 1 60 
2 2 6 36 12 42 
2 0 5 75 1 17 
0 0 4 10 6 80 
3 1 10 23 19 44 
1 0 9 29 2 59 
2 0 15 52 5 26 
8 2 9 32 6 43 
2 1 7 39 17 34 
1 3 18 41 7 30 
1 0 13 54 8 24 
2 2 20 21 15 40 
1 0 13 46 0 40 
8 1 7 40 21 23 
4 1 30 17 6 42 
6 3 12 42 9 28 
0 0 5 65 3 27 
2 0 10 44 9 35 
4 3 13 51 7 22 
6 0 14 43 11 26 
6 0 5 27 1 61 
3 0 15 37 11 34 
2 1 4 37 11 45 
4 1 13 26 23 33 
1 0 7 48 0 44 
1 0 3 42 5 49 
1 0 13 57 1 28 
0 1 18 32 3 46 
2 0 8 54 10 26 
3 3 31 24 6 33 
3 1 38 20 5 33 
2 1 23 25 7 42 
1 2 14 54 5 24 
1 0 26 29 10 34 
4 0 5 60 1 30 
5 0 47 35 2 11 
0 0 4 72 2 22 
3 0 15 32 15 35 
5 2 17 36 7 33 
1 0 18 37 3 41 
0 0 5 66 1 28 
7 1 11 13 16 52 
1 0 9 60 5 25 
3 2 13 21 17 44 
2 0 7 52 6 33 
4 1 28 20 2 45 
0 1 5 46 2 46 
0 1 12 41 6 40 
4 1 8 44 5 38 
3 0 12 31 11 43 
1 0 3 49 4 43 
2 1 25 39 2 31 
0 0 17 33 7 43 
2 0 15 31 15 37 
2 0 7 26 15 50 
6 3 33 26 1 31 
2 4 39 35 5 15 
3 0 2 39 5 51 
3 1 13 38 11 34 
4 0 6 34 6 50 
3 1 12 31 14 39 
1 0 20 56 0 23 
2 0 8 45 6 39 
5 0 11 43 9 32 
2 0 8 46 12 32 
5 1 24 40 6 24 
2 0 6 37 10 45 
5 2 15 44 7 27 
2 0 10 56 5 27 
3 1 12 43 7 34 
0 0 11 34 16 39 
11 0 15 32 13 29 
5 0 11 46 11 27 
3 0 9 45 1 42 
3 0 15 40 3 39 
1 0 11 45 18 25 
7 4 11 18 17 43 
2 0 7 48 6 37 
1 0 19 73 0 7 
2 2 23 26 13 34 
2 0 11 51 3 33 
1 2 58 18 1 20 
1 0 4 47 7 41 
2 1 20 44 2 31 
1 0 15 58 5 21 
1 0 2 79 4 14 
1 0 7 48 5 39 
2 0 8 47 17 26 
2 0 12 46 16 24 
3 3 27 24 3 40 
6 0 6 31 19 38 
0 0 10 34 6 50 
4 3 15 44 6 28 
6 2 22 30 12 28 
4 0 12 31 15 38 
2 2 19 46 6 25 
0 1 6 53 7 33 
6 2 17 29 13 33 
6 0 12 27 23 32 
11 0 18 53 0 18 
1 0 5 34 3 57 
5 3 7 35 14 36 
0 3 15 22 20 40 
0 0 13 40 4 43 
2 1 8 30 19 40 
2 0 15 43 2 38 
0 0 11 30 9 50 
0 3 13 42 7 35 
0 0 8 62 2 28 
0 0 9 62 3 26 
4 0 5 37 10 44 
3 0 6 27 12 52 
2 0 10 61 0 27 
5 1 2 36 21 35 
2 0 19 46 1 32 
2 0 8 38 17 35 
9 1 11 21 23 35 
5 0 30 37 1 27 
3 1 17 53 0 26 
4 1 21 47 7 20 
1 0 13 57 3 26 
0 0 13 68 5 14 
1 2 12 49 8 28 
13 1 12 40 11 23 
5 2 22 32 8 31 
0 0 8 54 0 38 
4 1 14 25 13 43 
1 0 11 60 2 26 
1 1 16 27 10 45 
1 0 23 42 2 32 
0 0 5 58 6 31 
5 3 21 37 8 26 
9 1 9 36 11 34 
1 0 9 42 3 45 
6 2 8 22 21 41 
10 0 24 45 8 13 
1 0 15 31 15 38 
1 1 7 47 5 39 
0 0 7 59 3 31 
0 4 14 37 5 40 
5 0 15 29 10 41 
0 0 8 36 8 48 
3 0 18 36 3 40 
0 0 0 51 0 49 
0 1 5 51 10 33 
8 1 10 19 17 45 
1 0 11 56 1 31 
2 0 17 29 11 41 
0 1 20 55 2 22 
3 0 12 48 1 36 
4 0 15 53 9 19 
1 0 16 44 3 36 
1 0 6 53 3 37 
0 0 15 63 1 21 
5 0 12 23 13 47 
1 0 4 43 6 46 
4 0 33 29 4 30 
0 0 8 55 1 36 
2 0 17 41 8 32 
5 0 9 43 9 34 
2 1 14 32 15 36 
6 1 16 40 9 28 
4 0 10 20 21 45 
1 0 11 45 2 41 
1 0 9 40 10 40 
3 0 18 57 6 16 
2 1 9 50 18 20 
0 0 0 16 0 84 
10 0 5 36 18 31 
0 2 16 25 21 36 
8 5 35 15 14 23 
0 0 15 36 11 38 
0 0 6 39 9 46 
3 1 39 37 5 15 
2 2 8 37 8 43 
4 1 13 32 12 38 
4 0 15 28 23 30 
2 0 1 47 1 49 
5 1 22 45 12 15 
1 1 10 53 3 32 
2 0 26 28 15 29 
5 1 12 26 12 44 
1 4 33 35 5 22 
0 0 7 27 13 53 
3 0 6 48 0 43 
2 1 19 48 0 30 
1 0 3 74 2 20 
2 0 9 47 3 39 
0 0 11 48 5 36 
0 1 14 55 3 27 
2 0 10 46 8 34 
3 1 26 30 12 28 
2 5 18 31 11 33 
7 0 10 46 13 24 
5 1 4 48 8 34 
0 0 3 70 0 27 
4 1 19 33 9 34 
1 0 9 55 17 18 
0 0 3 54 2 41 
2 1 12 35 4 46 
1 1 19 45 7 27 
0 0 2 62 0 36 
1 0 3 45 5 46 
3 0 9 39 7 42 
1 0 3 58 9 29 
0 0 3 79 2 16 
2 1 8 39 15 35 
5 1 11 25 14 44 
1 1 9 38 11 40 
3 0 10 28 22 37 
7 1 3 31 16 42 
0 0 2 81 0 17 
4 0 12 42 9 33 
2 3 7 25 13 50 
6 2 18 29 12 33 
2 0 15 36 6 41 
0 0 6 49 2 43 
5 2 21 33 6 33 
2 1 13 54 1 29 
4 3 22 22 8 41 
0 0 10 44 6 40 
2 0 10 54 8 26 
3 0 5 52 5 35 
8 0 9 39 11 33 
3 0 11 29 17 40 
1 0 12 52 2 33 
4 1 11 41 11 32 
8 0 28 47 4 13 
2 0 13 52 0 33 
7 0 9 39 11 34 
3 1 10 51 9 26 
0 1 23 41 10 25 
1 0 24 37 6 32 
3 0 18 39 9 31 
1 0 16 39 13 31 
1 1 18 50 5 25 
2 0 18 34 5 41 
1 0 12 31 12 44 
3 3 19 37 10 28 
0 0 5 73 5 17 
3 0 14 31 7 45 
5 5 12 37 12 29 
7 2 19 31 11 30 
0 1 4 61 8 26 
0 1 9 33 18 39 
2 2 22 23 3 48 
0 0 6 41 1 52 
1 0 2 76 0 21 
2 1 7 51 10 29 
2 0 3 28 1 66 
0 0 12 50 2 36 
1 0 3 30 7 59 
5 1 10 30 13 41 
1 0 13 49 3 34 
4 1 15 40 5 35 
8 0 11 26 14 41 
0 0 5 43 1 51 
3 0 8 34 11 44 
2 1 9 47 8 33 
25 2 7 25 13 28 
3 0 37 28 7 25 
2 2 10 36 15 35 
1 0 12 50 4 33 
5 3 13 20 16 43 
6 0 17 42 7 28 
5 0 14 35 11 35 
0 1 8 54 7 30 
0 0 6 43 5 46 
2 0 3 42 9 44 
0 0 12 55 4 29 
2 1 22 46 11 18 
1 0 5 41 2 51 
1 0 15 49 3 32 
2 0 8 43 3 44 
0 0 17 34 5 44 
0 0 10 42 1 47 
1 0 14 44 7 34 
0 0 1 80 0 19 
1 0 18 42 8 31 
4 0 12 45 10 29 
0 0 7 58 0 35 
10 0 14 43 5 28 
5 1 23 23 13 35 
3 1 14 22 8 52 
7 1 15 27 11 39 
1 0 13 32 5 49 
3 0 17 34 10 36 
3 2 14 51 11 19 
7 1 13 27 11 41 
3 0 20 39 8 30 
2 0 16 47 3 32 
5 0 11 64 8 12 
5 1 19 11 9 55 
3 0 35 31 3 28 
3 1 11 20 12 53 
7 0 12 22 18 41 
0 0 9 56 2 33 
0 0 1 65 2 32 
7 0 11 45 12 25 
3 1 15 26 6 49 
0 0 9 31 8 52 
3 0 13 28 14 42 
4 1 21 33 17 24 
0 0 11 83 0 6 
6 0 5 40 13 36 
3 1 15 18 16 47 
0 0 7 61 0 32 
4 0 28 25 4 39 
1 1 19 43 4 32 
4 0 6 21 4 65 
5 1 18 34 10 32 
6 0 26 37 1 30 
0 0 12 48 3 37 
8 0 14 26 20 32 
0 0 19 47 1 33 
1 1 2 47 15 34 
5 2 9 33 15 36 
0 0 15 26 0 59 
0 3 14 25 7 51 
1 0 14 45 0 40 
1 1 28 41 6 23 
4 2 25 12 11 46 
2 0 8 46 3 41 
1 1 8 43 0 47 
6 0 13 35 11 35 
7 0 25 42 3 23 
2 0 16 48 6 28 
5 0 13 45 5 32 
0 0 22 50 4 24 
0 0 3 56 0 41 
0 0 7 37 8 48 
1 1 15 49 7 27 
1 1 26 25 3 44 
0 0 10 54 8 28 
2 1 19 28 5 45 
1 0 7 53 8 31 
0 0 25 26 13 36 
0 0 9 32 2 57 
2 0 6 49 4 39 
1 1 15 51 3 29 
0 2 21 24 7 46 
2 3 23 26 8 38 
1 3 22 31 6 37 
1 2 20 33 9 35 
3 1 14 34 12 36 
1 2 12 32 8 45 
4 1 12 28 9 46 
5 0 3 33 9 50 
2 1 12 25 14 46 
0 1 15 48 3 33 
3 1 16 26 6 48 
0 0 11 31 4 54 
1 0 3 34 12 50 
3 1 22 34 9 31 
3 3 25 31 9 29 
2 0 11 43 4 40 
3 0 28 37 1 31 
0 1 22 29 10 38 
2 0 11 33 9 45 
3 1 10 40 8 38 
3 1 30 22 6 38 
1 0 4 36 2 57 
6 1 19 23 9 42 
1 0 2 61 4 32 
3 2 21 23 7 44 
3 0 18 31 13 35 
2 0 21 30 17 30 
0 2 8 49 5 36 
1 1 20 33 11 34 
3 1 15 36 5 40 
2 1 9 38 9 41 
9 1 22 39 4 25 
1 0 22 43 4 30 
2 0 15 39 8 36 
0 0 9 32 4 55 
3 1 19 38 7 32 
6 2 21 36 7 28 
4 1 15 26 6 48 
2 0 11 37 13 37 
0 4 20 41 8 27 
3 1 34 30 8 24 
2 0 14 31 10 43 
7 0 14 55 3 21 
3 0 18 44 0 35 
0 0 0 88 0 12 
1 0 16 39 2 42 
1 0 9 26 23 41 
8 1 10 27 22 32 
2 0 28 45 0 25 
4 0 9 49 1 37 
4 0 12 31 9 44 
0 1 28 23 5 43 
0 1 12 34 14 39 
7 1 17 26 14 35 
2 1 20 39 7 31 
2 0 12 44 12 30 
0 0 11 85 0 4 
1 1 45 29 1 23 
0 0 1 30 1 68 
3 1 28 37 1 30 
0 1 14 31 7 47 
2 2 18 27 12 39 
6 7 27 31 3 26 
1 0 23 32 12 32 
9 2 9 12 11 57 
2 0 12 39 7 40 
0 0 2 49 3 46 
1 2 22 26 8 41 
4 0 12 34 11 39 
4 1 34 27 0 34 
3 1 16 37 16 27 
0 0 0 55 0 45 
2 0 21 43 6 28 
2 1 14 40 15 28 
4 0 14 25 12 45 
0 2 10 40 5 43 
4 0 7 17 21 51 
0 0 5 62 5 28 
3 1 10 48 3 35 
6 1 11 37 10 35 
0 0 5 38 5 52 
3 0 21 41 1 34 
2 1 11 25 19 42 
5 1 9 20 24 41 
1 0 30 44 2 23 
0 0 16 70 0 14 
2 0 7 34 4 53 
2 1 32 49 1 15 
1 0 5 57 1 36 
1 0 4 75 3 17 
0 0 9 8 0 83 
4 1 26 25 3 41 
3 1 13 28 16 39 
3 0 21 12 20 44 
0 0 2 53 15 30 
1 0 15 31 8 45 
11 2 17 24 8 38 
2 0 8 51 7 32 
1 1 25 24 17 32 
2 0 16 35 15 32 
2 1 6 69 1 21 
0 0 16 40 4 40 
0 0 8 51 5 36 
0 0 25 22 14 39 
1 0 5 39 15 40 
6 1 13 18 13 49 
4 2 5 39 12 38 
0 0 0 1 27 72 
1 1 15 25 11 47 
3 0 1 83 0 13 
0 0 4 60 2 34 
5 1 4 49 8 33 
2 1 11 37 11 38 
0 0 13 54 3 30 
3 1 25 36 9 26 
4 0 25 49 0 22 
3 1 34 21 6 35 
2 0 8 19 10 61 
7 1 12 34 6 40 
2 0 20 32 5 41 
2 0 19 24 7 48 
0 0 12 45 9 34 
11 5 23 15 15 31 
7 2 13 37 15 26 
1 0 2 77 0 20 
2 0 16 27 8 47 
0 0 7 35 5 53 
6 0 20 59 7 8 
1 0 8 49 5 37 
2 3 20 33 9 33 
2 2 30 33 8 25 
7 0 23 24 8 38 
2 0 30 41 5 22 
0 0 3 60 5 32 
2 0 8 23 16 51 
6 0 48 35 0 11 
0 0 12 24 17 47 
0 0 13 67 3 17 
4 3 32 19 7 35 
1 0 35 31 4 29 
5 1 17 28 11 38 
5 4 25 21 8 37 
2 0 13 40 3 42 
7 0 20 35 9 29 
3 1 10 13 20 53 
0 0 10 53 0 37 
6 1 19 43 6 25 
4 0 18 68 1 9 
1 0 10 30 6 53 
0 0 7 43 6 44 
4 0 14 42 1 39 
0 3 18 48 9 22 
5 0 20 22 13 40 
1 0 11 28 15 45 
1 1 9 35 9 45 
4 1 16 19 20 40 
5 2 10 35 11 37 
1 0 11 36 2 50 
1 0 10 40 11 38 
5 0 18 29 14 34 
5 0 13 28 14 40 
0 1 18 32 6 43 
3 1 26 23 10 37 
1 0 23 60 0 16 
0 0 7 57 1 35 
2 0 18 55 5 20 
4 4 42 16 5 29 
0 1 10 52 4 33 
0 0 9 16 16 59 
1 0 8 43 4 44 
0 0 16 45 6 33 
1 0 25 38 9 27 
3 2 20 28 12 35 
1 1 17 38 8 35 
3 1 13 18 22 43 
0 0 14 37 6 43 
0 0 39 37 0 24 
10 1 13 13 13 50 
0 2 7 54 12 25 
3 0 36 34 4 23 
2 3 22 24 10 39 
2 0 22 31 5 40 
3 0 32 41 3 21 
2 2 5 31 14 46 
1 2 19 42 6 30 
7 0 11 50 5 27 
2 1 32 24 9 32 
2 0 14 42 4 38 
2 1 10 38 6 43 
0 0 15 37 10 38 
2 2 21 26 6 43 
6 0 24 36 1 33 
10 3 13 26 13 35 
4 1 9 34 21 31 
8 2 17 21 13 39 
0 0 2 47 1 50 
1 1 10 46 4 38 
1 4 37 35 4 19 
0 0 5 49 1 45 
1 0 13 44 15 27 
2 0 2 43 4 49 
1 1 15 48 2 33 
0 0 12 25 19 44 
2 4 23 45 0 26 
4 0 14 44 6 32 
5 0 15 32 16 32 
1 0 8 35 6 50 
1 0 3 59 5 32 
5 0 17 33 3 42 
1 0 18 49 2 30 
1 0 18 51 2 28 
2 5 16 28 13 36 
2 3 34 26 1 34 
0 0 3 46 3 48 
1 1 16 41 7 34 
4 1 25 42 3 25 
1 0 13 49 6 31 
1 0 6 15 8 70 
6 0 26 37 1 30 
3 1 15 31 8 42 
5 3 19 39 4 30 
3 0 9 27 8 53 
2 0 18 31 14 35 
3 2 14 36 11 34 
4 1 16 29 18 32 
0 2 33 28 8 29 
2 0 8 48 7 35 
1 0 13 32 15 39 
2 1 16 37 8 36 
1 0 6 27 16 50 
3 2 25 39 4 27 
1 5 23 19 11 41 
1 1 12 43 7 36 
3 0 20 46 0 31 
3 3 26 34 10 24 
2 1 17 38 3 39 
6 0 6 43 19 26 
0 2 15 37 12 34 
3 0 13 34 18 32 
3 0 19 34 7 37 
1 0 9 70 4 16 
6 8 31 12 7 36 
2 2 41 38 0 17 
1 0 4 39 7 49 
0 0 12 38 7 43 
0 1 35 20 9 35 
2 1 7 51 0 39 
2 0 4 25 22 47 
2 1 28 43 9 17 
2 2 18 50 4 24 
1 0 4 66 1 28 
0 0 13 32 6 49 
0 0 3 69 1 27 
0 0 9 63 2 26 
3 0 13 56 0 28 
0 1 27 23 11 38 
1 0 1 68 0 30 
3 0 6 45 14 32 
1 2 7 52 0 38 
3 0 33 21 5 38 
1 0 6 27 5 61 
11 1 41 18 1 28 
0 0 21 48 2 29 
1 0 7 38 18 36 
4 0 12 21 10 53 
4 0 5 47 3 41 
1 0 13 38 6 42 
0 0 3 57 0 40 
0 0 1 69 0 30 
5 3 14 44 4 30 
0 0 19 46 1 34 
2 0 2 42 14 40 
3 0 10 54 3 30 
8 0 14 32 15 31 
2 0 8 53 3 34 
1 0 6 18 15 60 
2 0 36 15 6 41 
0 0 9 54 0 37 
5 0 11 41 10 33 
0 0 7 52 1 40 
2 0 17 54 2 25 
0 1 19 35 11 34 
1 0 6 77 1 15 
12 0 4 44 17 23 
4 2 18 43 11 22 
3 1 15 48 12 21 
3 2 14 27 9 45 
6 1 19 49 11 14 
7 1 7 44 15 26 
1 3 34 27 6 29 
2 1 11 33 9 44 
1 0 7 41 8 43 
1 0 12 43 11 33 
7 0 11 33 13 36 
1 0 9 38 7 45 
0 0 7 69 2 22 
3 1 27 29 4 36 
4 2 11 55 8 20 
1 0 8 42 12 37 
1 0 1 2 0 96 
0 1 28 44 5 22 
3 0 15 29 12 41 
3 0 9 39 10 39 
0 0 17 43 0 40 
0 0 2 52 6 40 
1 0 19 36 14 30 
2 0 11 61 0 26 
3 0 2 31 1 63 
4 0 12 20 21 43 
2 1 7 59 3 28 
2 1 27 24 13 33 
9 0 13 40 10 28 
3 0 11 43 10 33 
3 1 10 36 18 32 
1 0 10 29 20 40 
0 0 22 38 5 35 
1 0 13 41 16 29 
2 4 19 23 6 46 
6 0 23 68 0 3 
2 0 12 68 3 15 
1 0 27 33 3 36 
2 0 19 30 9 40 
0 0 9 28 2 61 
0 0 8 49 1 42 
3 3 24 17 12 41 
2 0 19 40 7 32 
0 0 3 58 2 37 
1 0 6 74 0 19 
3 1 23 33 5 35 
3 0 11 67 0 19 
0 0 28 26 8 38 
3 0 7 77 1 12 
1 1 18 49 4 27 
1 1 7 70 2 19 
3 0 8 42 11 36 
1 0 6 71 0 22 
0 1 23 34 6 36 
3 0 10 32 11 44 
1 0 28 50 1 20 
1 1 12 56 0 30 
3 2 19 25 18 33 
3 0 9 38 14 36 
3 1 12 34 15 35 
1 1 11 38 5 44 
0 0 11 34 11 44 
1 0 16 45 5 33 
2 0 15 30 12 41 
0 0 14 64 4 18 
4 2 10 38 14 32 
4 0 5 58 2 31 
0 0 9 21 20 50 
2 0 5 45 13 35 
5 0 17 40 7 31 
3 0 18 22 10 47 
1 4 22 36 8 29 
4 1 12 41 8 34 
1 0 13 25 12 49 
0 0 9 52 2 37 
10 0 7 37 14 32 
1 0 18 44 5 32 
2 0 10 51 8 29 
3 0 14 32 24 27 
0 0 12 34 0 54 
1 0 8 53 1 37 
4 0 7 34 27 28 
2 0 5 21 15 57 
0 1 8 49 3 39 
0 1 23 30 9 37 
1 1 23 35 4 36 
1 3 9 26 13 48 
2 0 3 35 7 53 
5 0 12 40 1 42 
2 2 24 25 11 36 
2 1 9 36 4 48 
1 0 22 38 6 33 
2 1 28 38 2 29 
0 0 52 19 1 28 
3 0 29 27 3 38 
3 0 11 82 0 4 
1 0 13 28 18 40 
2 2 33 22 9 32 
0 0 13 39 4 44 
0 0 32 37 0 31 
3 1 9 44 9 34 
6 0 11 47 10 26 
2 0 2 61 3 32 
2 1 13 44 6 34 
4 1 6 45 8 36 
2 1 21 39 2 35 
2 0 23 26 6 43 
2 1 10 42 9 36 
1 0 11 50 2 36 
0 1 8 32 3 56 
2 0 2 65 1 30 
0 0 8 35 4 53 
2 2 13 26 4 53 
3 1 18 38 4 36 
1 2 12 47 6 32 
1 0 9 52 10 28 
0 0 39 31 2 28 
1 0 9 41 6 43 
4 0 20 38 8 30 
1 0 5 66 1 27 
1 2 13 41 10 33 
1 0 18 55 1 25 
0 0 1 50 0 49 
1 0 6 53 4 36 
2 2 20 26 12 38 
0 0 10 69 2 19 
1 0 2 74 0 23 
2 1 7 51 0 39 
9 0 10 31 18 32 
3 0 3 33 12 49 
5 0 5 59 0 31 
0 1 20 33 6 40 
3 1 9 37 6 44 
4 0 6 40 13 37 
2 1 24 33 2 38 
2 0 6 34 9 49 
2 0 12 41 3 42 
1 0 12 51 0 36 
0 0 5 41 0 54 
3 4 8 30 13 42 
2 0 11 26 15 46 
2 1 9 53 3 32 
2 3 16 13 12 54 
1 1 22 21 16 39 
2 0 8 35 9 46 
3 1 15 29 9 43 
1 0 24 50 0 25 
1 2 21 15 11 50 
0 0 32 46 4 18 
0 0 3 33 1 63 
1 0 7 26 1 65 
4 1 38 43 0 14 
1 0 8 78 0 13 
2 1 9 9 17 62 
0 1 13 46 3 37 
0 0 11 51 3 35 
5 0 9 39 9 38 
4 0 6 22 14 54 
4 0 24 39 10 23 
8 0 10 41 6 35 
0 0 16 58 1 25 
3 0 8 30 11 48 
0 0 22 23 0 55 
2 0 11 25 28 34 
1 3 19 32 11 34 
4 0 13 49 1 33 
1 1 6 45 5 42 
3 4 21 34 9 29 
0 0 11 39 4 46 
2 1 5 34 14 44 
1 1 16 44 6 32 
1 1 20 29 0 49 
2 0 31 36 4 27 
2 3 15 44 2 34 
18 2 8 36 12 24 
0 5 53 24 3 15 
3 2 14 47 11 23 
3 0 19 66 0 12 
2 0 17 42 3 36 
0 0 14 44 11 31 
2 1 20 23 7 47 
5 2 19 26 9 39 
3 2 8 36 3 48 
1 0 6 38 1 54 
7 1 7 34 12 39 
7 2 17 28 11 35 
1 0 38 54 0 7 
2 0 7 36 10 45 
1 0 15 30 15 39 
9 0 21 32 3 35 
6 3 20 27 7 37 
6 0 8 54 5 27 
2 0 4 18 23 53 
1 0 9 54 1 35 
0 0 6 45 4 45 
2 0 8 55 3 32 
3 1 10 23 14 49 
0 0 15 59 0 26 
6 0 9 32 13 40 
1 0 11 40 3 45 
1 0 4 29 7 59 
1 1 18 45 3 32 
0 0 47 10 10 33 
1 1 24 25 5 44 
6 0 26 23 3 42 
5 2 18 26 9 40 
3 0 19 27 14 37 
4 0 13 47 3 33 
2 0 6 41 9 42 
4 0 2 68 0 26 
3 2 10 45 5 35 
1 0 11 50 6 32 
6 1 13 30 12 38 
3 6 42 17 3 29 
4 0 33 42 2 19 
3 1 4 41 5 46 
4 1 7 33 6 49 
6 2 15 26 9 42 
2 0 16 43 5 34 
3 0 11 36 6 44 
3 1 17 41 6 32 
0 2 15 37 5 41 
3 3 13 31 9 41 
2 1 12 45 8 32 
1 3 27 29 1 39 
1 0 8 34 7 50 
0 0 27 34 3 36 
1 1 5 58 0 35 
0 0 2 65 0 33 
1 2 14 30 3 50 
3 1 16 31 23 26 
1 0 5 44 6 44 
1 2 19 28 6 44 
0 0 4 47 1 48 
4 0 6 31 11 48 
0 0 18 45 7 30 
4 2 11 48 10 25 
6 2 29 28 2 33 
0 3 22 33 7 35 
4 2 16 33 10 35 
1 0 9 47 1 42 
5 4 27 20 9 35 
2 0 7 66 2 23 
2 0 10 65 2 21 
0 0 9 39 11 41 
2 0 9 61 0 28 
3 0 24 49 4 20 
0 0 4 53 0 43 
2 0 14 38 6 40 
11 2 25 24 9 29 
8 0 18 33 5 36 
9 0 17 36 2 36 
2 0 14 31 11 42 
0 2 17 47 6 28 
20 2 8 10 6 54 
2 3 43 22 8 22 
1 1 14 24 15 45 
7 0 18 32 12 31 
2 0 19 31 14 34 
0 0 4 63 0 33 
0 0 12 57 2 29 
2 3 34 33 6 22 
4 1 17 26 7 45 
2 0 14 35 5 44 
0 0 12 36 2 50 
0 0 3 52 0 45 
5 1 17 36 3 38 
3 0 11 41 12 33 
5 0 0 43 0 52 
2 0 18 36 7 37 
0 0 1 38 4 57 
1 0 9 43 6 41 
2 0 12 47 3 36 
1 5 32 26 8 28 
1 1 20 33 8 37 
3 2 23 31 1 40 
2 1 8 35 13 41 
2 0 8 49 3 38 
2 0 7 56 5 30 
0 1 24 18 13 44 
4 1 10 36 7 42 
0 1 34 29 9 27 
0 1 16 43 5 35 
5 2 18 22 1 52 
6 4 13 15 17 45 
2 1 20 58 4 15 
6 0 4 46 17 27 
3 0 10 37 9 41 
1 3 37 15 8 36 
5 1 25 23 5 41 
1 1 14 52 2 30 
2 0 17 41 5 35 
1 0 16 49 2 32 
2 0 13 32 10 43 
4 1 41 22 7 25 
3 1 13 34 14 35 
1 0 18 42 3 36 
4 0 23 21 9 43 
3 0 26 19 10 42 
1 1 11 29 13 45 
0 2 18 31 4 45 
6 0 7 35 19 33 
0 1 10 53 3 33 
8 1 27 26 5 33 
3 3 14 45 4 31 
6 1 29 29 5 30 
9 1 42 17 1 30 
12 5 18 22 12 31 
2 1 57 16 8 16 
9 0 10 41 5 35 
1 0 27 36 4 32 
5 6 24 15 8 42 
2 0 25 42 5 26 
1 0 33 36 6 24 
0 0 14 60 2 24 
3 0 24 36 2 35 
2 1 11 44 10 32 
1 1 9 24 11 54 
0 0 6 68 3 23 
0 1 12 27 11 49 
1 0 23 61 3 12 
2 5 17 26 15 35 
0 2 19 35 4 40 
5 1 33 37 8 16 
0 3 17 20 13 47 
3 4 28 27 12 26 
1 0 25 40 8 26 
3 0 8 25 7 57 
0 0 28 58 0 14 
1 1 25 18 2 53 
1 0 8 39 3 49 
2 1 23 35 7 32 
1 0 34 26 3 36 
3 5 16 45 4 27 
4 2 13 39 7 35 
1 0 6 51 0 42 
2 3 27 20 5 43 
7 1 8 15 13 56 
2 2 22 40 1 33 
10 1 13 39 5 32 
3 1 20 16 8 52 
0 0 8 48 3 41 
0 0 15 24 14 47 
3 2 20 34 5 36 
7 1 9 25 12 46 
3 1 32 41 0 23 
2 2 14 46 6 30 
5 0 8 37 3 47 
1 0 6 14 5 74 
9 2 29 22 3 35 
6 1 17 25 18 33 
2 0 24 50 2 22 
1 0 7 45 4 43 
0 0 10 42 14 34 
0 1 25 26 3 45 
0 0 16 75 0 9 
4 1 12 43 11 29 
2 0 17 49 8 24 
0 0 12 35 4 49 
7 2 44 21 5 21 
2 0 6 38 8 46 
1 2 26 34 10 27 
2 0 26 26 10 36 
5 3 21 24 7 40 
5 0 12 31 12 40 
5 0 16 34 6 39 
4 1 20 32 8 35 
1 1 23 33 5 37 
3 0 6 28 12 51 
2 0 18 28 10 42 
1 1 14 30 13 41 
9 3 27 18 3 40 
1 0 27 37 4 31 
0 0 4 41 10 45 
4 3 26 27 9 31 
2 0 6 57 3 32 
1 0 8 48 1 42 
3 0 16 31 2 48 
0 2 4 47 3 44 
0 0 33 41 0 26 
1 0 32 36 3 28 
2 0 8 51 8 31 
1 3 23 25 9 39 
2 0 22 38 3 35 
5 1 22 33 14 25 
0 2 10 50 3 35 
2 0 14 31 10 43 
4 2 13 30 11 40 
3 2 19 33 8 35 
0 0 0 0 0 100 
4 3 32 18 7 36 
14 2 22 20 5 37 
1 2 27 38 8 24 
1 2 27 21 4 45 
4 1 14 32 1 48 
10 1 10 20 13 46 
0 1 4 48 3 44 
4 1 17 37 7 34 
0 0 15 34 7 44 
3 7 17 31 3 39 
1 0 9 22 14 54 
0 2 17 21 12 48 
0 0 7 77 1 15 
1 0 14 33 6 46 
0 1 37 31 3 28 
3 0 11 38 13 35 
0 1 19 42 4 34 
4 5 24 36 4 27 
1 1 17 33 19 29 
5 0 11 40 8 36 
3 7 19 25 8 38 
0 0 11 50 1 38 
1 3 39 33 4 20 
0 2 5 26 17 50 
6 0 10 28 35 21 
0 0 7 52 2 39 
0 0 7 30 18 45 
1 0 7 37 12 43 
0 1 33 29 3 34 
1 2 19 50 3 25 
1 0 14 44 8 33 
0 0 14 48 3 35 
1 0 18 30 2 49 
0 0 32 48 3 17 
3 1 21 14 15 46 
1 0 21 36 5 37 
1 0 15 54 4 26 
3 0 12 40 13 32 
0 0 16 39 10 35 
3 2 14 26 9 46 
2 0 13 41 5 39 
5 0 13 34 10 38 
2 1 20 36 5 36 
1 0 14 43 9 33 
4 0 23 18 10 45 
2 0 14 25 11 48 
5 0 21 44 3 27 
1 0 14 40 5 40 
1 2 15 40 5 37 
2 0 10 32 6 50 
1 1 18 27 5 48 
0 0 9 49 0 42 
0 0 11 25 7 57 
4 1 24 21 7 43 
2 2 22 39 5 30 
2 1 20 47 7 23 
0 1 17 20 18 44 
1 0 1 69 2 27 
4 1 9 47 8 31 
1 1 17 36 6 39 
1 0 38 12 1 48 
3 0 23 25 2 47 
2 2 27 50 1 18 
5 1 10 23 14 47 
9 1 21 33 15 21 
0 0 9 11 11 69 
2 0 27 47 5 19 
1 2 26 41 5 25 
0 0 11 32 2 55 
2 0 25 56 0 17 
4 0 26 32 10 28 
3 1 11 44 5 36 
1 0 10 21 6 62 
3 0 23 27 2 45 
1 1 38 21 7 32 
3 0 14 32 13 38 
9 2 6 20 23 40 
2 0 13 42 11 32 
3 0 9 59 9 20 
3 1 17 35 9 35 
5 3 18 22 7 45 
3 2 36 31 6 22 
4 1 16 44 5 30 
0 0 22 52 3 23 
2 0 20 46 4 28 
0 0 9 54 1 36 
6 0 11 55 3 25 
4 2 17 40 6 31 
4 3 20 28 4 41 
6 0 8 25 5 56 
0 0 7 62 2 29 
3 0 22 40 3 32 
1 1 8 31 13 46 
2 2 46 21 2 27 
2 0 20 28 14 36 
0 0 6 52 4 38 
0 0 21 30 3 46 
1 3 19 22 10 45 
1 0 9 45 8 37 
6 0 13 32 17 32 
5 1 13 31 11 39 
0 0 52 3 1 44 
1 3 27 30 4 35 
0 0 1 91 0 8 
1 1 20 29 9 40 
0 0 15 45 18 22 
1 0 60 10 2 27 
3 0 18 35 8 36 
0 1 27 36 3 33 
0 1 43 24 5 27 
1 3 16 20 10 50 
1 0 3 45 10 41 
1 0 26 44 2 27 
1 0 11 25 9 54 
0 1 22 36 1 40 
2 1 14 39 17 27 
2 2 31 27 5 33 
1 2 26 23 2 46 
0 0 14 85 0 1 
2 0 19 20 14 45 
4 1 24 13 3 55 
4 1 20 36 6 33 
4 3 23 17 20 33 
2 3 40 24 9 22 
2 0 9 52 7 30 
6 1 21 19 12 41 
4 0 12 25 15 44 
2 1 18 34 6 39 
2 0 25 53 0 20 
3 0 6 62 1 28 
3 3 18 42 6 28 
1 0 28 57 0 14 
2 2 15 17 10 54 
8 2 4 33 7 46 
2 0 17 35 9 37 
2 0 24 42 4 28 
0 2 39 44 2 13 
2 0 19 57 2 20 
2 2 14 21 9 52 
8 3 20 29 7 33 
0 0 16 33 3 48 
4 1 48 28 5 14 
4 0 10 26 14 46 
1 0 6 22 10 61 
3 0 12 35 18 32 
1 0 13 68 0 18 
1 0 9 45 5 40 
2 0 11 22 14 51 
2 1 9 23 14 51 
0 0 1 52 1 46 
1 0 16 14 13 56 
2 0 14 41 3 40 
0 0 9 23 1 67 
0 0 10 38 8 44 
5 1 18 40 11 25 
2 0 17 39 5 37 
1 0 10 39 2 48 
1 0 10 69 0 20 
1 2 16 21 6 54 
3 1 28 31 10 27 
4 0 15 41 1 39 
2 0 2 62 3 31 
2 0 9 31 3 55 
2 0 12 36 16 34 
2 0 7 28 19 44 
2 0 14 73 1 10 
6 1 15 37 9 32 
2 0 14 30 14 40 
2 0 11 29 16 42 
5 0 18 40 6 31 
1 0 11 40 8 40 
4 2 23 39 14 18 
11 1 13 43 3 29 
13 1 13 21 23 29 
2 0 9 70 0 19 
2 0 3 72 3 20 
1 0 6 56 0 37 
3 2 24 48 4 19 
5 0 20 28 5 42 
4 1 18 30 13 34 
4 0 11 30 10 45 
3 1 14 39 9 34 
3 5 18 48 3 23 
5 1 7 40 11 36 
7 0 10 41 2 40 
1 0 8 49 8 34 
0 0 3 72 2 23 
0 0 7 33 12 48 
0 0 8 40 10 42 
14 3 17 16 11 39 
1 0 4 54 2 39 
0 0 6 47 5 42 
4 1 12 33 4 46 
5 0 5 40 11 39 
1 0 10 25 14 50 
6 0 10 20 18 46 
3 0 4 40 14 39 
1 3 4 45 8 39 
1 0 21 39 6 33 
1 0 12 34 10 43 
0 0 12 42 6 40 
1 0 14 35 5 45 
2 0 6 45 12 35 
5 3 13 33 8 38 
4 0 10 47 10 29 
1 0 15 45 3 36 
1 0 1 70 4 24 
4 1 15 23 3 54 
3 0 18 36 2 41 
2 0 13 41 7 37 
2 0 12 45 4 37 
0 0 9 37 7 47 
0 0 10 46 3 41 
0 1 15 49 1 34 
2 0 13 33 0 52 
1 0 13 44 4 38 
2 2 20 37 3 36 
0 0 7 50 1 42 
0 0 9 42 12 37 
4 0 8 27 11 50 
1 0 15 42 6 36 
1 1 15 30 18 35 
0 0 6 44 7 43 
2 1 12 34 3 48 
5 0 47 16 4 28 
0 1 11 49 3 36 
0 1 11 35 10 43 
0 0 13 54 5 28 
2 1 29 27 2 39 
1 0 7 64 2 26 
1 0 16 33 7 43 
0 0 7 46 9 38 
2 2 7 36 4 49 
0 0 20 41 0 39 
2 0 14 57 6 21 
0 1 7 58 3 31 
1 1 20 38 6 34 
0 0 7 54 1 38 
1 0 9 39 5 46 
7 1 10 46 5 31 
4 0 15 36 13 32 
0 0 23 57 2 18 
1 2 13 48 7 29 
5 2 36 29 12 16 
60 0 0 29 0 11 
2 0 12 23 14 49 
3 0 5 47 12 33 
0 1 18 32 10 39 
2 0 3 36 17 42 
0 0 5 59 1 35 
0 1 15 33 7 44 
5 3 10 23 13 46 
2 1 23 34 6 34 
2 1 10 28 7 52 
1 2 6 32 13 46 
6 0 27 47 2 18 
0 0 6 69 1 24 
2 0 8 35 7 48 
2 4 15 40 9 30 
0 1 18 51 4 26 
2 0 11 36 13 38 
2 1 17 28 7 45 
5 0 10 23 17 45 
1 0 9 42 12 36 
4 4 17 48 3 24 
2 1 4 53 2 38 
5 0 4 35 3 53 
2 0 8 49 3 38 
1 1 10 43 9 36 
6 2 12 27 8 45 
0 0 3 52 4 41 
1 0 18 48 5 28 
2 1 13 34 16 34 
1 0 4 57 1 37 
2 1 12 31 4 50 
0 0 7 59 4 30 
1 0 13 36 16 34 
1 0 12 25 10 52 
2 2 17 14 8 57 
0 2 13 49 9 27 
0 1 18 52 3 26 
0 0 13 42 9 36 
2 1 10 36 11 40 
2 3 9 35 10 41 
3 0 3 60 2 32 
0 0 10 62 3 25 
2 1 10 47 4 36 
2 0 11 48 2 37 
1 1 11 32 16 39 
7 1 10 50 7 25 
7 1 7 34 11 40 
1 0 16 23 25 35 
1 0 7 51 2 39 
4 1 4 39 17 35 
1 0 13 33 12 41 
2 0 8 36 11 43 
4 0 9 39 9 39 
3 0 17 31 9 40 
0 0 4 58 6 32 
1 0 24 25 9 41 
1 0 12 49 4 34 
3 1 13 39 17 27 
0 0 3 72 0 25 
0 0 11 62 0 27 
2 0 16 32 8 42 
0 0 5 33 5 57 
1 0 8 38 11 42 
0 0 10 50 5 35 
1 0 19 31 9 40 
4 0 6 45 20 25 
2 0 5 34 11 48 
5 0 14 17 16 48 
2 0 7 39 5 47 
6 1 14 33 8 38 
2 1 16 39 9 33 
1 1 18 38 4 38 
2 0 7 41 5 45 
7 1 9 30 21 32 
3 0 6 33 10 48 
2 2 16 23 9 48 
2 1 6 31 11 49 
7 1 11 36 13 32 
4 1 11 34 6 44 
2 1 8 62 4 23 
3 0 11 31 11 44 
7 0 8 47 8 30 
1 0 8 37 7 47 
1 2 8 36 13 40 
0 0 11 33 15 41 
3 1 10 23 11 52 
1 1 9 46 3 40 
0 0 5 68 2 25 
0 0 5 51 3 41 
4 2 19 33 7 35 
1 0 7 39 2 51 
1 1 19 38 6 35 
0 0 12 50 2 36 
0 0 7 47 2 44 
0 0 7 67 2 24 
0 0 2 61 1 36 
1 1 8 67 2 21 
2 2 8 42 7 39 
2 1 19 33 11 34 
0 1 17 42 10 30 
2 0 14 32 11 41 
1 0 8 34 10 47 
1 1 11 34 16 37 
1 3 12 51 5 28 
6 3 14 37 6 34 
1 0 15 42 7 35 
2 1 21 42 4 30 
1 0 6 24 13 56 
0 0 33 22 3 42 
12 0 7 37 4 40 
1 1 8 48 1 41 
1 0 17 26 12 44 
3 1 7 33 16 40 
2 0 17 38 6 37 
3 2 9 48 2 36 
1 0 13 37 2 47 
2 0 9 26 7 56 
0 0 3 63 4 30 
4 3 20 34 12 27 
0 0 8 64 4 24 
4 2 19 36 14 25 
4 1 17 35 13 30 
2 1 17 42 7 31 
2 0 5 49 5 39 
5 0 21 34 12 28 
5 0 7 35 24 29 
2 0 14 53 7 24 
0 0 9 52 5 34 
0 0 23 37 4 36 
1 0 30 43 2 24 
1 0 2 58 3 36 
3 1 9 40 11 36 
1 1 9 59 3 27 
0 1 14 40 9 36 
3 1 8 37 6 45 
3 1 7 38 10 41 
2 2 16 38 7 35 
1 1 5 43 9 41 
0 0 5 46 3 46 
0 0 0 67 1 32 
2 1 11 40 10 36 
1 1 20 39 2 37 
2 0 11 27 10 50 
0 0 1 74 4 21 
0 0 1 41 3 55 
5 0 12 25 19 39 
0 0 16 54 3 27 
3 0 16 32 7 42 
3 1 15 42 4 35 
4 1 7 38 16 34 
3 1 12 41 2 41 
3 0 6 46 2 43 
1 0 2 64 0 33 
0 1 9 43 5 42 
0 0 19 42 3 36 
1 0 10 48 2 39 
0 0 16 43 8 33 
2 0 5 33 13 47 
5 0 16 37 7 35 
3 0 8 21 5 63 
1 0 6 37 13 43 
1 1 15 22 5 56 
2 0 7 45 12 34 
1 0 12 33 13 41 
1 0 7 35 10 47 
4 1 9 45 8 33 
3 1 6 39 12 39 
2 0 8 36 7 47 
1 0 28 33 5 33 
1 0 7 34 14 44 
3 0 14 28 14 41 
6 0 27 34 10 23 
2 0 15 32 5 46 
0 0 6 24 20 50 
0 0 9 61 0 30 
9 2 14 41 12 22 
1 2 9 20 19 49 
1 0 13 37 7 42 
1 2 9 29 15 44 
2 2 7 33 7 49 
2 2 19 24 13 40 
0 0 13 38 11 38 
0 0 10 50 4 36 
2 0 5 54 6 33 
1 1 7 44 4 43 
2 1 15 29 14 39 
4 3 11 29 17 36 
9 0 22 47 9 13 
0 0 1 21 14 64 
4 3 30 32 14 17 
0 1 10 31 12 46 
1 0 38 36 5 20 
1 0 1 29 16 53 
4 0 10 44 2 40 
2 0 16 33 10 39 
2 1 29 29 13 26 
4 0 9 43 3 41 
0 0 12 38 4 46 
1 0 6 42 6 45 
0 0 21 40 3 36 
0 0 14 43 6 37 
1 0 27 52 4 16 
0 0 9 47 4 40 
1 1 16 57 6 19 
1 4 15 44 4 32 
0 0 8 54 1 37 
0 1 11 51 4 33 
2 1 17 36 7 37 
0 0 16 38 7 39 
2 3 9 33 12 41 
0 0 48 36 2 14 
2 1 14 30 7 46 
3 1 8 47 5 36 
3 1 23 33 11 29 
3 1 8 34 17 37 
4 0 2 26 13 55 
4 3 16 20 15 42 
2 0 27 34 7 30 
3 1 24 35 2 35 
1 2 20 34 11 32 
2 0 17 34 10 37 
2 0 9 19 13 57 
1 4 31 24 11 29 
1 0 7 55 7 30 
1 3 22 28 11 35 
1 0 5 36 9 49 
1 0 12 44 5 38 
3 1 19 27 15 35 
2 0 22 27 13 36 
0 0 12 64 3 21 
0 0 9 28 7 56 
1 0 17 31 9 42 
4 0 19 33 7 37 
2 1 12 28 16 41 
11 0 14 16 16 43 
2 5 38 13 12 30 
5 1 18 26 10 40 
2 1 12 22 10 53 
0 1 6 42 6 45 
0 0 10 35 7 48 
4 1 10 33 11 41 
3 1 12 31 10 43 
1 1 11 32 7 48 
3 0 9 32 5 51 
0 0 18 43 2 37 
0 1 11 55 6 27 
0 1 12 32 10 45 
1 0 11 43 9 36 
1 0 7 38 3 51 
0 1 8 47 8 36 
0 1 19 34 0 46 
3 0 11 33 13 40 
1 0 11 53 1 34 
1 0 10 28 23 38 
3 0 20 21 18 38 
6 1 11 35 7 40 
4 0 10 38 10 38 
8 1 17 14 22 38 
2 0 25 27 9 37 
5 0 16 24 8 47 
0 0 13 41 8 38 
2 3 26 29 7 33 
5 0 18 29 11 37 
6 0 7 55 1 31 
3 0 23 38 6 30 
0 2 17 38 4 39 
0 1 8 37 7 47 
0 2 11 32 17 38 
0 0 5 43 1 51 
1 0 15 64 6 14 
0 0 3 70 0 27 
1 1 23 34 10 31 
0 0 5 40 6 49 
1 1 8 43 10 37 
1 0 10 26 6 57 
1 1 12 40 3 43 
2 0 9 30 17 42 
0 1 24 36 7 32 
1 0 6 58 1 34 
2 0 13 42 5 38 
0 1 20 34 7 38 
2 0 11 45 9 33 
2 0 4 37 4 53 
2 0 23 44 4 27 
4 0 11 54 0 31 
2 0 8 61 7 22 
2 0 3 31 5 59 
2 0 27 47 9 15 
3 2 23 31 12 29 
1 1 13 35 13 37 
2 2 20 32 15 29 
0 0 17 21 20 42 
2 0 11 47 3 37 
0 0 8 57 4 31 
2 1 10 36 15 36 
1 0 10 52 1 36 
3 0 6 55 0 36 
0 0 14 48 6 32 
0 0 22 37 4 37 
6 3 14 26 8 43 
4 0 28 33 11 24 
0 0 17 27 10 46 
2 4 18 42 6 28 
5 1 14 30 20 30 
2 0 9 55 10 24 
2 0 11 45 3 39 
1 0 5 69 0 25 
0 0 13 47 6 34 
2 0 15 48 7 28 
1 1 17 27 8 46 
3 0 16 38 9 34 
2 0 6 36 7 49 
1 0 3 36 6 54 
0 0 6 46 15 33 
7 3 18 31 4 37 
2 0 8 31 4 55 
2 0 9 51 2 36 
3 1 11 41 12 32 
2 0 14 38 8 38 
0 0 10 49 11 30 
3 0 5 36 15 41 
14 5 17 19 7 38 
2 0 16 18 14 50 
3 4 8 41 6 38 
6 0 9 47 7 31 
6 1 18 26 9 40 
5 0 7 37 6 45 
3 0 19 40 11 27 
0 0 8 36 2 54 
3 1 23 11 10 52 
0 0 4 71 0 25 
1 1 16 45 5 32 
2 1 11 24 16 46 
0 0 25 34 8 33 
2 1 7 50 0 40 
4 0 13 39 7 37 
2 0 20 35 2 41 
0 1 18 38 9 34 
0 0 5 73 0 22 
3 1 20 35 13 28 
0 0 15 26 8 51 
2 2 15 39 9 33 
3 0 11 34 8 44 
0 0 3 27 5 65 
3 0 16 30 8 43 
6 0 10 42 13 29 
2 0 8 30 5 55 
2 0 13 41 10 34 
3 1 16 44 5 31 
3 0 13 32 14 38 
0 0 5 56 8 31 
4 1 11 29 4 51 
3 1 16 30 12 38 
5 1 15 12 20 47 
2 1 14 32 9 42 
1 1 12 48 7 31 
0 0 2 51 3 44 
4 0 8 36 21 31 
0 0 11 47 3 39 
1 0 23 30 7 39 
2 0 9 48 8 33 
3 1 11 33 9 43 
2 0 8 61 4 25 
2 5 31 32 5 25 
0 0 9 54 3 34 
0 0 21 36 7 36 
0 0 18 30 10 42 
0 1 10 43 6 40 
3 2 19 33 6 37 
0 0 4 19 2 75 
0 3 18 36 1 42 
1 1 17 45 6 30 
2 1 5 27 13 52 
2 0 15 73 0 10 
2 0 15 73 0 10 
0 0 1 92 0 7 
1 1 7 48 6 37 
0 1 11 47 6 35 
2 0 17 28 9 44 
0 0 24 47 5 24 
0 0 21 39 14 26 
0 0 19 39 6 36 
2 0 15 45 12 26 
0 0 19 36 11 34 
1 0 8 75 4 12 
2 0 9 47 7 35 
3 2 40 33 2 20 
2 0 9 30 13 46 
1 0 11 45 4 39 
6 2 8 35 12 37 
4 1 15 41 10 29 
2 0 15 36 2 45 
0 0 23 31 6 40 
6 0 5 58 1 30 
2 1 24 40 7 26 
2 0 20 30 12 36 
1 1 5 29 14 50 
3 2 10 37 9 39 
4 0 17 29 7 43 
9 2 21 28 14 26 
0 1 10 65 2 22 
2 1 12 26 8 51 
1 1 10 23 9 56 
1 0 9 28 16 46 
1 0 2 59 1 37 
2 1 12 34 11 40 
0 0 17 31 15 37 
1 0 19 32 16 32 
3 0 12 35 6 44 
1 0 10 39 3 47 
1 0 8 44 6 41 
2 1 15 23 6 53 
0 0 12 48 4 36 
2 1 14 48 3 32 
4 0 9 42 12 33 
1 0 18 27 9 45 
4 0 18 39 7 32 
0 1 6 40 8 45 
5 1 27 33 5 29 
0 0 1 9 0 90 
0 0 13 40 3 44 
0 3 12 38 9 38 
2 0 11 36 8 43 
3 0 16 44 5 32 
4 0 19 22 10 45 
0 0 17 28 7 48 
1 0 24 31 6 38 
3 0 18 27 8 44 
3 1 6 29 7 54 
0 1 20 28 5 46 
3 0 30 24 3 40 
2 1 8 32 14 43 
3 1 19 37 13 27 
3 2 17 31 12 35 
0 0 8 61 2 29 
0 0 17 27 9 47 
0 0 6 44 3 47 
3 0 16 42 8 31 
3 1 24 18 14 40 
4 1 13 43 4 35 
1 0 9 48 8 34 
6 2 25 26 9 32 
6 2 13 24 12 43 
3 0 18 40 7 32 
0 0 14 35 7 44 
1 0 22 18 8 51 
1 1 25 30 5 38 
8 0 32 26 9 25 
0 2 31 36 2 29 
1 0 23 19 15 42 
2 1 20 31 10 36 
0 0 8 36 5 51 
0 0 21 44 11 24 
0 2 20 39 9 30 
3 0 14 50 3 30 
7 0 16 28 7 42 
0 0 7 46 2 45 
0 0 14 50 5 31 
1 1 13 16 23 46 
1 0 16 45 4 34 
2 1 30 26 3 38 
1 0 26 26 9 38 
4 0 4 28 8 56 
0 0 7 49 6 38 
4 0 15 42 14 25 
1 0 6 40 6 47 
3 1 13 35 8 40 
1 0 7 33 7 52 
1 0 18 43 1 37 
6 0 12 28 17 37 
3 1 21 24 8 43 
1 0 14 32 7 46 
3 0 12 45 3 37 
1 3 17 24 9 46 
3 2 17 32 19 27 
2 0 22 34 7 35 
0 0 0 18 1 81 
6 1 12 32 9 40 
0 1 19 44 10 26 
4 0 6 57 2 31 
2 0 24 41 7 26 
3 0 16 36 17 28 
2 0 12 60 0 26 
2 3 22 27 9 37 
4 0 16 41 7 32 
0 0 17 45 1 37 
3 1 22 26 7 41 
9 0 19 27 6 39 
0 0 3 63 7 27 
0 0 16 45 6 33 
2 0 1 40 8 49 
1 0 17 48 1 33 
3 0 14 11 12 60 
2 2 19 41 5 31 
0 0 5 23 21 51 
4 0 21 40 7 28 
2 1 8 50 10 29 
2 0 7 41 13 37 
4 0 6 33 6 51 
1 0 14 36 7 42 
3 0 25 52 5 15 
1 0 23 38 5 33 
3 1 24 36 6 30 
11 0 15 28 10 36 
3 0 19 37 3 38 
3 1 24 16 12 44 
4 2 16 38 13 27 
3 0 9 30 9 49 
2 0 9 51 9 29 
1 1 16 32 10 40 
3 0 6 46 6 39 
1 2 24 22 9 42 
0 0 19 31 11 39 
3 0 7 37 12 41 
1 0 16 45 8 30 
0 0 21 49 7 23 
0 0 10 31 9 50 
5 2 9 29 15 40 
5 0 9 36 11 39 
2 0 15 24 11 48 
0 0 8 27 19 46 
1 0 10 50 3 36 
1 1 12 67 2 17 
3 0 12 38 16 31 
7 3 16 25 11 38 
2 0 11 41 7 39 
0 0 19 54 2 25 
4 1 12 31 9 43 
3 0 17 41 13 26 
11 2 14 22 7 44 
0 0 11 59 0 30 
5 0 8 39 15 33 
1 0 8 25 5 61 
0 1 8 34 4 53 
3 0 11 15 6 65 
7 0 10 32 15 36 
0 0 19 36 10 35 
11 0 5 23 5 56 
0 0 15 30 4 51 
2 0 11 30 13 44 
1 1 16 36 6 40 
4 0 7 41 11 37 
11 0 20 31 7 31 
2 0 19 40 2 37 
1 0 2 61 0 36 
1 0 9 50 3 37 
2 0 9 32 15 42 
2 2 13 33 11 39 
5 3 27 21 1 43 
4 1 7 33 14 41 
0 1 10 54 6 29 
1 0 5 50 1 43 
0 0 5 41 6 48 
1 0 9 54 1 35 
1 0 11 42 3 43 
1 0 11 37 6 45 
2 0 23 27 15 33 
0 0 9 56 2 33 
3 0 14 51 4 28 
8 2 8 24 7 51 
5 2 19 42 5 27 
8 2 12 38 7 33 
1 0 18 64 0 17 
11 3 9 24 20 33 
0 1 3 31 5 60 
3 0 3 66 1 27 
0 0 12 58 0 30 
3 0 7 46 11 33 
6 0 10 60 11 13 
7 0 6 24 28 35 
3 2 19 25 10 41 
4 3 22 36 6 29 
0 0 3 54 0 43 
6 1 7 27 22 37 
8 0 6 32 6 48 
0 0 22 36 10 32 
1 0 18 50 4 27 
3 0 12 27 8 50 
3 0 4 43 9 41 
0 0 4 35 4 57 
0 0 5 42 7 46 
3 1 10 46 5 35 
0 0 17 32 10 41 
2 1 9 38 6 44 
4 1 21 38 12 24 
5 0 6 59 0 30 
8 1 12 27 8 44 
9 1 18 28 8 36 
15 1 9 36 7 32 
1 0 8 41 4 46 
3 1 25 58 3 10 
6 0 12 39 15 28 
2 0 3 42 20 33 
1 3 33 29 7 27 
2 0 6 57 1 34 
2 2 11 35 9 41 
3 0 14 33 6 44 
5 0 7 67 1 20 
3 0 5 27 10 55 
16 0 13 28 7 36 
2 0 10 68 0 20 
2 3 10 35 9 41 
10 1 11 45 6 27 
2 0 9 62 0 27 
4 0 8 40 16 32 
3 0 5 43 4 45 
10 0 16 40 6 28 
0 0 4 39 7 50 
3 1 29 45 6 16 
1 0 11 36 9 43 
0 1 8 65 2 24 
6 1 8 52 5 28 
0 0 11 27 13 49 
4 0 8 25 15 48 
8 0 5 35 12 40 
0 0 11 54 2 33 
2 1 10 31 3 53 
0 0 9 36 7 48 
16 0 12 22 12 38 
2 0 15 39 6 38 
2 0 18 38 5 37 
4 1 17 27 9 42 
6 1 23 29 10 31 
2 0 7 44 10 37 
0 1 5 31 7 56 
1 0 21 50 2 26 
4 1 17 39 12 27 
5 0 14 31 3 47 
4 2 9 21 15 49 
3 0 13 31 2 51 
2 0 4 63 6 25 
3 0 28 32 6 31 
6 0 11 33 9 41 
2 1 10 32 10 45 
0 1 2 55 10 32 
5 1 10 38 10 36 
4 0 4 34 7 51 
0 0 31 50 0 19 
4 0 7 26 15 48 
19 0 15 23 4 39 
0 1 8 49 4 38 
5 0 6 32 7 50 
0 0 11 38 10 41 
1 0 24 41 5 29 
15 0 11 21 23 30 
3 1 9 35 27 25 
0 0 3 40 4 53 
0 1 8 45 0 46 
2 0 12 38 14 34 
3 0 13 31 5 48 
1 1 15 18 14 51 
4 1 11 42 5 37 
1 1 11 42 4 41 
15 2 12 33 3 35 
0 0 1 69 4 26 
4 0 5 42 13 36 
6 0 11 32 14 37 
2 1 11 28 0 58 
1 0 1 47 1 50 
2 0 7 23 8 60 
0 0 2 37 10 51 
4 0 6 41 11 38 
0 1 5 39 12 43 
2 0 2 61 0 35 
2 0 6 32 14 46 
1 0 17 31 8 43 
0 0 7 46 6 41 
3 1 14 45 4 33 
4 0 7 49 16 24 
0 0 17 34 6 43 
3 0 5 62 0 30 
0 0 17 52 6 25 
6 0 12 36 6 40 
4 1 18 42 10 25 
0 0 3 47 0 50 
0 1 16 36 3 44 
0 1 20 60 2 17 
11 1 6 33 29 20 
3 0 3 50 14 30 
8 0 10 35 7 40 
0 2 10 37 17 34 
0 3 11 47 5 34 
0 0 9 64 3 24 
0 0 11 55 0 34 
2 0 9 19 21 49 
2 0 19 43 2 34 
0 0 4 54 1 41 
1 1 8 46 5 39 
0 0 3 61 13 23 
4 0 7 45 11 33 
0 0 1 37 5 57 
2 0 18 53 0 27 
3 2 14 27 19 35 
2 0 31 44 2 21 
10 0 10 41 18 21 
0 0 9 60 1 30 
2 3 10 15 12 58 
5 0 15 21 7 52 
4 0 14 23 18 41 
5 1 18 39 9 28 
4 0 13 45 7 31 
4 0 7 31 14 44 
5 0 8 39 4 44 
2 1 11 61 3 22 
2 0 9 52 3 34 
6 0 9 37 12 36 
0 0 13 23 11 53 
3 4 14 39 14 26 
2 0 10 59 2 27 
3 0 8 39 7 43 
4 0 3 38 5 50 
2 0 6 61 0 31 
1 0 3 32 10 54 
5 1 14 39 11 30 
7 2 10 26 20 35 
0 0 4 36 6 54 
7 1 12 28 17 35 
1 0 18 39 3 39 
3 0 15 21 7 54 
2 2 9 44 9 34 
1 0 9 48 11 31 
4 0 9 24 17 46 
4 3 12 29 14 38 
2 2 6 25 20 45 
2 1 12 41 9 35 
2 0 28 35 2 33 
1 0 12 30 8 49 
1 2 14 39 4 40 
1 0 7 43 5 44 
1 1 5 38 5 50 
6 0 18 51 3 22 
8 0 10 39 9 34 
1 0 10 47 4 38 
2 0 8 31 29 30 
4 0 9 30 16 41 
2 0 5 60 6 27 
4 0 19 40 0 37 
4 0 8 43 1 44 
1 0 7 48 7 37 
4 0 5 52 9 30 
0 0 13 46 2 39 
0 0 13 39 9 39 
2 1 16 43 3 35 
2 0 10 29 5 54 
7 0 7 44 16 26 
6 0 10 24 22 38 
4 1 4 43 4 44 
6 0 12 43 13 26 
10 0 11 26 7 46 
16 1 6 17 14 46 
3 0 17 40 2 38 
4 1 10 20 24 41 
6 0 27 32 5 30 
8 1 10 16 13 52 
4 1 11 28 11 45 
6 0 11 45 1 37 
5 0 11 28 7 49 
1 0 20 49 4 26 
1 0 7 60 0 32 
4 0 20 50 0 26 
4 0 11 22 15 48 
0 0 11 40 3 46 
13 1 10 27 6 43 
4 2 15 21 14 44 
0 1 9 47 12 31 
12 0 9 24 19 36 
8 1 10 30 11 40 
5 1 13 32 15 34 
0 0 6 73 3 18 
5 0 14 40 11 30 
1 0 11 50 1 37 
2 0 7 49 7 35 
0 1 6 63 0 30 
2 0 5 37 7 49 
1 0 17 40 12 30 
3 1 26 45 3 22 
3 0 6 39 9 43 
3 1 16 30 9 41 
11 0 12 61 0 16 
5 8 33 33 1 20 
1 0 3 31 10 55 
2 0 18 34 2 44 
3 2 15 43 7 30 
0 1 9 34 12 44 
4 1 13 38 8 36 
6 0 7 49 2 36 
1 1 10 47 11 30 
3 0 7 34 8 48 
5 0 8 37 5 45 
0 0 10 28 12 50 
8 0 7 29 35 21 
4 1 5 40 15 35 
1 2 3 48 5 41 
0 3 39 28 1 29 
1 0 2 33 4 60 
1 0 2 50 5 42 
0 0 11 33 13 43 
6 0 15 31 7 41 
2 0 12 54 7 25 
1 0 6 33 3 57 
0 0 8 55 2 35 
3 1 23 39 3 31 
6 1 8 24 12 49 
6 2 7 33 16 36 
1 0 12 36 5 46 
2 0 11 23 12 52 
26 0 10 29 4 31 
10 1 16 25 16 32 
4 2 19 40 10 25 
1 1 5 36 2 55 
0 0 2 57 4 37 
4 1 13 32 18 32 
3 1 14 39 8 35 
4 2 13 40 9 32 
0 1 7 45 6 41 
10 0 6 34 26 24 
5 1 22 34 9 29 
5 3 14 18 5 55 
2 1 10 22 14 51 
2 0 22 33 12 31 
2 0 17 37 5 39 
4 1 19 18 15 43 
5 0 15 31 7 42 
1 0 9 48 3 39 
5 0 15 30 2 48 
2 0 5 42 17 34 
3 1 19 25 12 40 
5 4 24 17 5 45 
3 0 10 45 7 35 
0 1 3 53 1 42 
4 2 25 34 4 31 
5 1 16 20 13 45 
7 1 13 27 7 45 
0 0 9 42 7 42 
10 2 15 27 10 36 
0 0 16 41 7 36 
6 1 13 27 13 40 
4 1 14 24 8 49 
8 1 13 42 7 29 
7 0 18 24 9 42 
5 4 21 23 10 37 
1 0 10 32 9 48 
13 0 24 24 15 24 
4 0 12 32 13 39 
4 0 12 33 12 39 
0 0 8 61 2 29 
2 1 5 53 4 35 
0 0 5 74 1 20 
6 0 14 34 7 39 
0 1 7 56 3 33 
5 0 18 42 2 33 
6 1 23 35 7 28 
2 0 21 45 2 30 
0 1 25 31 10 33 
2 1 16 40 7 34 
5 0 9 46 3 37 
0 0 14 27 9 50 
1 0 13 54 2 30 
2 1 5 38 8 46 
4 2 6 31 9 48 
1 0 6 30 5 58 
2 2 17 42 2 35 
1 0 16 41 6 36 
0 0 17 27 4 52 
1 0 20 54 1 24 
1 1 14 45 4 35 
3 6 13 33 4 41 
5 1 13 32 5 44 
5 1 16 27 10 41 
5 3 19 35 10 28 
2 0 14 39 2 43 
5 0 26 31 14 24 
2 2 16 40 7 33 
1 0 13 37 5 44 
1 1 11 32 12 43 
3 6 26 36 2 27 
4 1 16 40 12 27 
5 1 5 39 16 34 
1 1 13 36 4 45 
1 1 14 38 8 38 
0 0 15 33 7 45 
3 0 11 42 11 33 
3 0 18 42 10 27 
0 1 10 16 19 54 
3 2 17 38 7 33 
3 0 16 21 14 46 
5 1 27 45 0 22 
6 0 14 29 19 32 
1 0 31 39 7 22 
1 0 5 47 6 41 
5 1 8 33 16 37 
1 0 17 44 3 35 
2 2 15 64 1 16 
3 0 16 36 10 35 
2 2 22 31 6 37 
1 0 10 28 8 53 
0 0 5 49 5 41 
1 0 11 67 2 19 
3 4 15 20 6 52 
8 0 13 26 12 41 
6 1 30 32 7 24 
3 0 14 34 11 38 
0 0 19 40 4 37 
0 0 19 21 8 52 
0 0 9 69 0 22 
1 0 15 35 10 39 
3 1 17 28 7 44 
2 1 15 38 14 30 
4 3 24 11 11 47 
2 3 19 43 4 29 
1 0 8 43 5 43 
3 2 18 39 5 33 
1 0 6 49 2 42 
4 1 10 41 19 25 
2 1 17 31 9 40 
1 0 20 31 8 40 
0 0 18 50 5 27 
2 2 15 24 14 43 
0 1 12 26 14 47 
6 1 12 20 10 51 
4 0 15 30 5 46 
2 0 13 27 9 49 
0 0 10 46 8 36 
1 0 13 58 3 25 
0 1 10 31 8 50 
0 3 14 40 5 38 
2 2 8 34 8 46 
2 0 23 54 3 18 
0 0 19 45 4 32 
1 2 20 33 2 42 
3 1 11 59 0 26 
1 1 26 33 4 35 
5 3 15 39 9 29 
0 0 6 55 1 38 
3 0 10 34 7 46 
2 0 2 42 5 49 
0 0 10 60 4 26 
2 0 27 46 1 24 
8 0 7 27 4 54 
5 0 8 47 3 37 
1 3 30 30 6 30 
3 1 4 43 5 44 
2 0 13 58 4 23 
7 0 15 32 3 43 
5 1 10 35 8 41 
1 0 9 17 6 67 
0 1 25 26 8 40 
2 0 17 43 5 33 
0 0 16 32 0 52 
0 1 23 40 3 33 
9 1 6 34 12 38 
10 0 14 20 8 48 
3 0 14 28 8 47 
0 0 7 46 1 46 
0 0 4 46 6 44 
4 0 22 24 13 37 
6 1 7 19 17 50 
0 0 9 20 5 66 
4 0 16 37 7 36 
1 0 11 25 13 50 
5 0 14 38 11 32 
0 0 17 52 6 25 
0 0 7 58 4 31 
0 0 0 61 2 37 
8 1 17 29 12 33 
1 0 14 27 4 54 
5 0 9 35 17 34 
1 1 12 60 4 22 
1 0 30 33 10 26 
2 3 25 32 6 32 
0 0 8 63 3 26 
0 0 4 28 13 55 
8 3 15 35 8 31 
2 0 18 30 20 30 
1 0 7 43 8 41 
4 2 8 27 16 43 
1 0 25 57 3 14 
0 0 17 24 5 54 
1 1 25 16 6 51 
3 2 14 29 10 42 
2 0 11 25 19 43 
0 0 5 55 4 36 
3 2 27 24 10 34 
6 1 20 20 13 40 
3 0 16 43 3 35 
4 0 16 38 8 34 
0 0 3 53 3 41 
3 0 12 29 16 40 
2 1 28 30 5 34 
4 1 31 40 2 22 
2 1 17 22 12 46 
5 1 10 50 5 29 
2 0 18 28 6 46 
3 0 14 54 3 26 
2 1 15 53 1 28 
2 0 7 36 12 43 
0 0 13 41 6 40 
3 0 26 54 0 17 
2 1 23 32 7 35 
1 2 9 26 6 56 
7 0 19 38 7 29 
2 0 17 35 6 40 
5 0 17 36 11 31 
1 0 10 36 8 45 
1 0 6 44 7 42 
2 3 21 34 3 37 
0 0 20 23 5 52 
1 0 10 41 3 45 
5 0 18 37 2 38 
1 0 5 70 2 22 
0 0 11 43 0 46 
16 1 15 25 7 36 
0 0 2 33 5 60 
0 0 17 35 8 40 
1 0 18 46 7 28 
1 2 18 31 16 32 
8 0 14 33 12 33 
3 1 8 57 4 27 
4 0 9 27 12 48 
1 0 10 35 9 45 
7 0 16 40 13 24 
1 1 19 34 5 40 
4 0 11 44 5 36 
3 0 16 31 9 41 
4 1 11 32 11 41 
5 2 16 36 4 37 
1 0 21 33 6 39 
0 0 14 41 2 43 
9 0 10 27 7 47 
1 1 19 47 10 22 
4 1 22 52 5 16 
4 1 19 30 11 35 
0 0 5 48 4 43 
7 5 20 35 12 21 
0 1 6 36 6 51 
1 0 14 37 1 47 
1 1 15 28 5 50 
2 0 13 31 8 46 
0 0 11 18 9 62 
2 6 25 29 8 30 
4 1 21 24 11 39 
2 1 12 36 12 37 
2 2 17 44 1 34 
5 1 13 51 8 22 
1 2 11 24 13 49 
2 2 27 30 10 29 
2 0 6 32 6 54 
1 0 15 41 5 38 
1 1 13 20 14 51 
0 0 10 46 2 42 
2 0 15 39 8 36 
3 0 13 40 8 36 
13 2 12 25 6 42 
3 1 14 36 4 42 
3 0 14 40 8 35 
8 0 10 28 15 39 
3 0 24 35 0 38 
4 1 16 38 18 23 
3 2 33 29 16 17 
1 4 20 27 8 40 
1 0 14 47 4 34 
9 1 17 16 11 46 
5 2 27 37 1 28 
1 0 6 52 2 39 
1 1 11 48 1 38 
1 0 9 43 7 40 
2 0 13 50 1 34 
3 2 15 29 8 43 
4 0 20 33 7 36 
3 1 11 20 18 47 
12 1 22 26 5 34 
2 0 10 39 12 37 
5 1 11 38 14 31 
2 1 11 36 9 41 
6 3 14 30 7 40 
1 0 14 47 4 34 
13 1 12 24 8 42 
4 2 17 29 8 40 
3 0 4 30 7 56 
2 1 9 34 20 34 
2 0 16 26 7 49 
5 2 18 28 6 41 
5 2 15 30 3 45 
0 4 19 39 3 35 
2 0 13 38 12 35 
2 0 10 24 9 55 
0 0 20 34 0 46 
4 1 10 25 14 46 
1 1 18 62 2 16 
4 0 29 30 3 34 
0 0 9 66 1 24 
2 5 24 18 14 37 
3 2 13 41 4 37 
1 1 19 35 6 38 
5 1 20 19 11 44 
10 0 10 38 5 37 
0 1 4 58 2 35 
1 1 15 37 4 42 
0 0 13 46 5 36 
6 2 13 26 16 37 
3 0 6 50 6 35 
0 0 1 78 0 21 
4 0 17 35 10 34 
2 0 17 41 8 32 
2 2 19 28 11 38 
4 1 13 40 2 40 
7 3 13 32 9 36 
3 5 28 35 7 22 
1 0 12 37 9 41 
0 0 16 48 5 31 
3 1 19 41 4 32 
3 0 14 52 4 27 
1 0 9 52 0 38 
1 3 20 33 5 38 
1 1 16 30 14 38 
2 2 19 41 3 33 
2 0 26 30 11 31 
1 2 13 29 11 44 
1 0 1 47 3 48 
7 0 8 35 2 48 
4 0 18 47 8 23 
4 0 15 34 7 40 
4 0 13 37 3 43 
1 1 19 36 14 29 
2 1 17 39 2 39 
2 0 34 35 4 25 
1 0 10 69 1 19 
0 0 2 22 3 73 
2 0 6 43 10 39 
2 0 15 33 6 44 
5 0 5 60 0 30 
1 0 12 40 3 44 
1 0 0 56 0 43 
5 0 10 29 5 51 
1 1 8 34 13 43 
4 0 3 39 16 38 
1 0 8 33 11 47 
1 0 23 21 11 44 
1 1 23 25 16 34 
3 1 17 42 3 34 
3 2 27 40 3 25 
5 0 27 30 4 34 
2 3 5 43 10 37 
0 0 1 76 0 23 
2 4 39 30 9 16 
3 0 13 39 5 40 
1 0 13 71 2 13 
0 0 15 43 4 38 
8 0 5 36 12 39 
1 2 10 56 6 25 
4 3 18 38 5 32 
4 1 6 21 28 40 
0 0 11 37 3 49 
1 0 5 52 10 32 
1 0 16 58 2 23 
8 0 4 34 9 45 
0 0 1 58 3 38 
1 0 12 43 9 35 
1 0 7 41 12 39 
2 0 5 34 13 46 
3 0 12 35 2 48 
1 1 18 15 16 49 
0 1 1 32 2 64 
3 0 7 48 10 32 
9 0 22 32 1 36 
0 0 21 54 0 25 
12 3 9 25 12 39 
6 0 3 50 1 40 
3 0 13 34 11 39 
1 2 22 33 9 33 
5 0 9 30 8 48 
0 0 12 41 16 31 
1 1 13 31 7 47 
10 1 9 26 15 39 
0 0 0 0 0 100 
1 0 7 45 2 45 
2 1 16 38 12 31 
1 0 8 55 4 32 
3 0 12 41 5 39 
3 1 7 41 9 39 
0 0 8 60 4 28 
1 0 8 56 2 33 
2 0 3 62 4 29 
0 0 9 50 4 37 
3 0 5 27 9 56 
8 1 18 29 9 35 
0 0 7 67 4 22 
4 2 12 44 7 31 
1 0 11 35 5 48 
5 0 11 42 2 40 
8 0 13 52 3 24 
6 3 11 35 5 40 
3 1 16 30 11 39 
2 0 28 44 9 17 
0 0 11 22 11 56 
6 0 8 33 13 40 
1 2 23 46 2 26 
3 1 12 39 6 39 
0 0 8 37 9 46 
3 0 19 60 0 18 
1 0 16 30 0 53 
1 1 18 21 18 41 
1 1 17 72 1 8 
3 2 10 39 7 39 
11 0 9 24 3 53 
3 2 33 32 16 14 
2 0 4 26 13 55 
3 1 3 43 23 27 
1 1 9 59 1 29 
0 0 17 31 10 42 
1 1 30 43 6 19 
1 2 50 25 7 15 
4 3 11 39 8 35 
6 0 8 40 18 28 
7 0 9 36 8 40 
0 0 0 46 2 52 
1 0 17 53 3 26 
4 0 3 55 8 30 
4 0 6 20 15 55 
0 0 6 53 3 38 
4 1 26 23 15 31 
3 0 2 34 3 58 
1 0 6 45 13 35 
0 0 10 56 2 32 
0 1 15 43 4 37 
11 1 11 24 15 38 
3 0 5 47 12 33 
4 0 13 44 8 31 
8 1 10 25 9 47 
5 0 7 49 6 33 
2 0 10 43 4 41 
1 3 27 21 4 44 
1 0 14 30 15 40 
2 0 2 47 3 46 
4 0 16 35 3 42 
4 2 29 38 13 14 
3 0 14 52 9 22 
0 0 20 38 7 35 
9 0 16 44 15 16 
1 1 20 35 7 36 
2 1 28 32 6 31 
4 3 20 22 5 46 
4 1 6 50 8 31 
7 1 13 31 11 37 
1 0 41 41 1 16 
0 0 8 38 7 47 
2 1 12 40 15 30 
1 0 8 70 1 20 
6 1 9 44 7 33 
6 0 21 52 4 17 
0 1 4 47 7 41 
0 0 15 50 3 32 
3 0 16 46 3 32 
1 0 8 22 2 67 
9 3 38 42 2 6 
6 1 12 14 15 52 
6 2 9 29 8 46 
2 0 12 37 7 42 
0 0 20 41 10 29 
0 0 14 56 1 29 
1 1 26 22 6 44 
0 0 24 42 1 33 
2 1 11 26 10 50 
1 0 7 43 3 46 
1 2 29 21 6 41 
10 3 20 31 12 24 
3 2 16 40 10 29 
5 1 11 38 8 37 
6 1 18 34 8 33 
5 3 24 41 8 19 
10 0 18 19 8 45 
3 4 12 23 11 47 
3 0 16 36 4 41 
9 0 10 43 9 29 
8 3 18 29 11 31 
3 0 35 51 4 7 
1 1 13 21 23 41 
3 1 14 34 10 38 
4 1 13 48 8 26 
0 0 21 35 2 42 
0 0 9 46 2 43 
1 1 9 26 12 51 
1 0 24 44 9 22 
1 0 14 78 4 3 
0 0 3 51 8 38 
1 0 14 39 9 37 
2 0 4 34 4 56 
1 1 8 27 9 54 
0 0 9 48 3 40 
1 0 17 48 5 29 
0 2 38 21 2 37 
4 0 23 31 12 30 
1 1 22 50 3 23 
1 1 18 48 3 29 
2 5 37 26 4 26 
1 0 5 65 5 24 
2 0 12 38 12 36 
4 0 5 42 5 44 
10 0 10 34 14 32 
3 0 7 26 12 52 
0 0 10 26 10 54 
9 2 21 32 9 27 
0 1 16 40 6 37 
0 0 13 42 11 34 
10 2 10 49 4 25 
11 2 7 38 10 32 
3 0 16 35 10 36 
7 0 11 26 12 44 
0 1 12 34 8 45 
2 1 35 24 7 31 
2 0 6 42 4 46 
4 1 13 30 5 47 
0 0 8 51 0 41 
1 0 7 58 2 32 
6 0 11 45 6 32 
13 1 13 28 10 35 
0 1 12 42 13 32 
1 4 31 32 2 30 
1 2 28 23 10 36 
7 0 23 43 9 18 
1 1 32 26 7 33 
0 0 0 63 0 37 
1 3 19 35 2 40 
0 0 38 20 8 34 
0 1 14 31 5 49 
1 0 16 46 2 35 
0 2 5 47 5 41 
5 0 18 35 5 37 
2 2 9 36 7 44 
2 1 16 42 0 39 
1 0 5 69 0 25 
0 0 0 74 26 0 
1 3 32 42 5 17 
6 0 16 32 11 35 
2 2 17 13 5 61 
1 1 6 38 7 47 
4 0 4 50 4 38 
5 0 20 30 5 40 
5 0 16 43 13 23 
7 0 20 44 0 29 
4 0 21 32 6 37 
8 1 20 34 10 27 
0 1 13 40 8 38 
5 2 24 28 3 38 
5 0 19 24 8 44 
0 0 14 34 3 49 
6 1 23 40 4 26 
3 0 5 30 20 42 
2 0 15 32 3 48 
1 0 6 35 17 41 
0 0 7 51 1 41 
4 3 28 31 12 22 
5 0 6 33 12 44 
5 1 19 31 13 31 
6 1 3 34 11 45 
1 2 26 35 9 27 
4 2 8 29 9 48 
0 0 25 43 8 24 
10 0 9 32 13 36 
3 1 13 35 10 38 
4 0 8 41 4 43 
2 0 20 42 2 34 
0 0 1 52 0 47 
1 0 18 51 4 26 
13 3 12 14 8 50 
0 0 9 58 7 26 
6 0 13 45 9 27 
8 1 10 29 16 36 
1 0 4 60 5 30 
14 0 12 36 10 28 
3 0 12 56 7 22 
6 1 10 35 9 39 
6 2 18 48 7 19 
13 3 7 35 10 32 
2 0 9 52 5 32 
1 1 17 24 12 45 
9 0 9 43 8 31 
5 2 16 30 8 39 
0 0 3 66 2 29 
3 1 5 49 7 35 
14 1 11 30 7 37 
7 2 7 17 8 59 
1 0 14 25 13 47 
0 0 7 51 1 41 
2 1 11 52 2 32 
3 1 4 48 3 41 
2 0 10 29 6 53 
2 0 6 34 22 36 
1 0 12 54 0 33 
5 0 5 40 15 35 
4 2 6 42 13 33 
3 0 5 38 12 42 
0 3 16 47 9 25 
5 1 11 28 3 52 
4 0 11 27 14 44 
4 1 16 40 8 31 
0 0 15 22 7 56 
0 1 5 17 4 73 
6 0 8 45 5 36 
8 0 7 27 12 46 
0 0 4 62 1 33 
2 0 14 16 14 54 
0 0 11 39 10 40 
1 0 19 65 0 15 
12 0 6 40 7 35 
1 0 4 48 6 41 
1 1 10 49 3 36 
0 0 7 57 5 31 
5 0 6 22 6 61 
6 0 7 36 6 45 
2 1 6 34 8 49 
5 1 4 55 12 23 
9 0 11 46 6 28 
1 2 20 45 9 23 
1 0 13 50 5 31 
1 0 14 30 11 44 
2 1 8 50 0 39 
3 0 10 38 2 47 
5 1 7 20 16 51 
3 0 5 23 5 64 
8 0 10 23 5 54 
6 0 7 33 9 45 
9 0 7 35 15 34 
0 1 18 42 10 29 
10 0 9 24 4 53 
8 0 10 29 12 41 
0 0 9 36 13 42 
2 0 8 34 7 49 
1 0 7 48 3 41 
7 0 12 25 12 44 
3 1 19 41 7 29 
1 0 12 43 6 38 
9 0 8 45 21 17 
5 0 12 32 19 32 
4 0 7 46 16 27 
2 0 5 77 1 15 
3 0 4 45 3 45 
1 0 11 68 3 17 
0 0 9 59 0 32 
1 0 9 41 4 45 
3 0 9 32 4 52 
1 0 13 50 0 36 
6 1 8 48 8 29 
0 0 8 41 8 43 
5 0 13 22 14 46 
4 0 8 42 9 37 
0 0 22 32 8 38 
2 0 9 38 4 47 
2 0 1 51 6 40 
1 0 10 48 2 39 
5 1 9 49 8 28 
0 0 12 29 7 52 
1 0 12 55 1 31 
1 1 13 32 12 41 
6 0 13 37 3 41 
2 0 9 35 5 49 
9 1 10 26 5 49 
3 0 4 72 3 18 
1 0 1 42 2 54 
9 0 16 29 16 30 
5 0 16 17 15 47 
2 0 14 33 9 42 
6 0 10 38 10 36 
7 1 9 39 10 34 
2 1 4 23 8 62 
1 0 7 27 5 60 
4 1 9 46 7 33 
10 1 11 14 11 53 
1 0 4 45 1 49 
0 1 13 40 3 43 
9 0 8 42 2 39 
1 0 6 65 1 27 
0 0 2 60 1 37 
5 3 20 27 4 41 
3 1 6 33 6 51 
0 1 13 45 2 39 
0 0 17 38 12 33 
3 0 13 33 11 40 
0 1 10 30 7 52 
0 3 14 16 16 51 
12 0 16 35 0 37 
5 0 6 59 0 30 
0 0 2 29 5 64 
2 0 8 24 15 51 
6 3 7 30 12 42 
4 0 9 26 8 53 
5 0 7 45 8 35 
2 6 22 42 3 25 
0 0 8 21 3 68 
2 1 28 36 3 30 
3 0 5 63 1 28 
4 0 24 24 8 40 
2 0 16 38 7 37 
5 1 2 20 23 49 
4 0 6 34 10 46 
0 1 4 50 2 43 
2 1 13 47 7 30 
2 1 24 18 7 48 
10 1 9 27 11 42 
0 5 29 22 16 28 
2 3 18 20 6 51 
2 0 14 45 10 29 
6 2 13 31 8 40 
10 2 11 25 13 39 
1 0 10 30 10 49 
16 0 4 29 10 41 
5 1 29 27 4 34 
8 0 19 38 4 31 
2 1 14 43 6 34 
8 1 13 36 8 34 
2 0 16 16 17 49 
1 0 15 35 4 45 
3 0 11 42 9 35 
0 0 7 51 0 42 
4 3 18 29 12 34 
3 0 9 34 5 49 
3 0 6 34 15 42 
3 1 24 25 7 40 
2 1 9 22 16 50 
2 2 20 26 11 39 
3 0 14 29 14 40 
1 0 3 51 1 44 
3 0 14 29 10 44 
1 0 22 39 5 33 
5 2 41 20 9 23 
6 0 11 35 11 37 
5 0 6 47 2 40 
1 1 6 46 1 45 
2 0 15 38 7 38 
1 1 24 43 6 25 
1 0 19 28 10 42 
6 2 23 20 11 38 
1 0 6 42 7 44 
0 1 14 41 5 39 
3 2 17 29 8 41 
0 0 9 26 9 56 
2 1 3 31 7 56 
1 0 13 34 14 38 
10 0 8 35 14 33 
3 1 22 26 9 39 
9 2 9 27 3 50 
4 2 15 33 13 33 
1 0 19 24 11 45 
3 3 17 23 13 41 
4 0 24 12 7 53 
7 0 7 39 7 40 
0 0 9 53 3 35 
3 0 13 36 3 45 
1 0 10 50 3 36 
2 1 7 36 9 45 
0 1 36 21 4 38 
13 1 19 23 3 41 
3 1 28 24 2 42 
1 0 21 49 8 21 
5 0 18 30 1 46 
1 0 16 19 3 61 
4 1 7 43 5 40 
3 0 8 36 6 47 
0 0 6 54 6 34 
0 0 20 41 4 35 
0 0 12 48 2 38 
0 0 10 65 0 25 
1 0 16 38 9 36 
1 0 7 51 10 31 
4 2 24 29 8 33 
2 0 5 47 3 43 
0 0 9 53 7 31 
0 0 6 55 1 38 
1 0 10 49 2 38 
5 4 14 20 6 51 
4 1 11 46 11 27 
2 1 19 38 7 33 
1 1 14 44 6 34 
4 1 8 34 10 43 
0 0 20 28 9 43 
2 1 13 38 5 41 
5 0 9 27 15 44 
3 0 17 40 2 38 
3 1 17 29 7 43 
6 0 23 29 8 34 
1 0 12 30 18 39 
7 3 27 15 10 38 
1 0 13 21 17 48 
4 0 9 23 8 56 
2 0 12 27 3 56 
0 1 7 48 1 43 
1 0 11 32 11 45 
1 0 10 20 5 64 
7 2 11 22 8 50 
3 0 10 41 5 41 
4 2 11 37 4 42 
0 1 14 35 10 40 
3 1 17 33 15 31 
2 1 12 30 11 44 
4 2 31 42 2 19 
1 0 9 36 4 50 
1 1 15 37 11 35 
4 1 9 51 10 25 
1 0 13 47 0 39 
7 0 9 41 10 33 
4 0 8 36 13 39 
2 1 8 36 20 33 
3 0 9 35 18 35 
1 0 8 36 2 53 
1 0 13 36 9 41 
0 0 18 35 6 41 
2 0 3 20 31 44 
5 0 8 29 4 54 
5 0 5 39 5 46 
1 0 6 55 2 36 
3 0 8 33 14 42 
5 1 14 38 5 37 
2 0 14 24 12 48 
1 0 4 27 2 66 
4 1 9 36 8 42 
4 0 1 39 7 49 
8 1 7 41 14 29 
1 1 13 33 18 34 
1 0 7 44 7 41 
4 0 8 56 4 28 
2 0 13 37 5 43 
4 1 13 36 5 41 
8 0 8 34 22 28 
2 1 9 34 5 49 
4 0 9 44 10 33 
1 0 3 56 1 39 
2 0 14 43 11 30 
5 0 15 37 9 34 
4 3 20 38 12 23 
1 0 13 52 3 31 
7 1 5 40 4 43 
3 0 16 40 6 35 
2 0 0 70 0 28 
5 0 17 37 8 33 
1 0 6 50 4 39 
4 1 17 45 4 29 
3 0 8 32 5 52 
2 2 26 28 4 38 
12 0 13 42 9 24 
2 0 4 65 6 23 
4 0 4 29 11 52 
3 0 5 44 7 41 
0 1 15 49 5 30 
4 0 3 43 7 43 
6 0 5 32 18 39 
7 3 15 26 12 37 
3 2 8 27 28 32 
9 0 11 29 12 39 
3 1 5 38 12 41 
3 0 12 43 16 26 
2 0 10 35 11 42 
2 0 5 52 2 39 
3 4 20 45 3 25 
0 0 7 53 4 36 
3 1 12 49 9 26 
7 0 10 41 4 38 
1 0 8 35 3 53 
1 0 7 41 2 49 
0 0 7 65 0 28 
1 0 13 32 6 48 
2 1 17 40 8 32 
1 1 10 53 5 30 
1 0 13 42 6 38 
2 0 13 60 0 25 
5 0 13 43 5 34 
3 0 5 43 11 38 
1 1 3 40 3 52 
0 2 5 49 3 41 
1 0 6 32 8 53 
0 3 10 37 6 44 
2 2 10 34 14 38 
1 3 10 44 3 39 
10 2 17 39 12 20 
2 1 15 38 6 38 
3 0 9 22 5 61 
4 1 23 33 9 30 
1 1 17 38 7 36 
1 0 12 43 6 38 
1 0 16 23 9 51 
8 1 8 35 6 42 
9 1 12 28 16 34 
3 0 3 10 13 71 
1 2 5 20 3 69 
7 0 13 29 17 34 
1 0 8 28 6 57 
8 1 9 34 10 38 
8 0 13 33 5 41 
5 1 19 37 7 31 
2 0 13 31 12 42 
2 0 25 25 10 38 
5 2 14 25 10 44 
3 1 5 40 8 43 
2 1 31 34 4 28 
4 1 17 18 26 34 
2 2 36 29 8 23 
2 0 28 31 4 35 
6 0 14 23 9 48 
3 1 11 29 8 48 
6 0 7 15 15 57 
0 4 30 23 5 38 
7 2 10 18 9 54 
2 3 11 50 5 29 
0 1 3 39 7 50 
1 0 11 50 4 34 
1 1 10 39 13 36 
0 1 16 29 9 45 
3 6 26 46 4 15 
3 0 8 34 9 46 
1 2 10 29 11 47 
1 0 11 36 5 47 
1 0 5 73 0 21 
0 0 5 31 9 55 
10 0 7 35 4 44 
3 0 6 43 9 39 
4 1 15 40 4 36 
2 1 18 36 3 40 
1 0 15 44 8 32 
4 2 25 21 4 44 
1 0 4 49 4 42 
2 1 15 22 14 46 
1 0 24 23 10 42 
5 0 12 24 10 49 
1 4 15 27 5 48 
3 4 29 24 4 36 
1 0 29 38 5 27 
1 1 27 29 11 31 
1 1 28 29 4 37 
5 1 25 23 2 44 
1 0 10 38 2 49 
1 2 24 30 7 36 
2 0 13 32 18 35 
4 1 8 31 14 42 
1 0 13 39 9 38 
1 1 7 47 5 39 
7 2 25 26 9 31 
2 2 25 28 1 42 
1 0 23 33 4 39 
3 4 17 33 2 41 
0 1 11 46 2 40 
6 0 11 26 13 44 
1 0 16 28 11 44 
4 0 8 32 6 50 
4 0 10 34 17 35 
4 1 20 24 2 49 
1 1 24 53 1 20 
0 0 19 58 0 23 
2 0 28 45 1 24 
0 0 27 19 11 43 
1 0 15 49 10 25 
1 3 40 18 11 27 
2 0 14 37 10 37 
3 0 17 32 2 46 
6 0 13 34 12 35 
3 0 20 45 7 25 
4 4 34 25 5 28 
4 6 17 32 6 35 
2 1 27 27 9 34 
4 1 22 28 8 37 
2 0 24 26 10 38 
0 2 31 19 11 37 
2 0 23 27 4 44 
5 3 17 25 3 47 
5 0 17 48 9 21 
2 6 29 13 11 39 
1 2 20 29 7 41 
8 0 19 19 12 42 
6 4 30 21 13 26 
3 0 18 33 6 40 
5 0 26 43 3 23 
4 0 6 58 0 32 
3 3 48 25 4 17 
0 0 4 57 0 39 
0 0 18 50 7 25 
13 0 25 30 8 24 
1 2 32 26 11 28 
1 0 6 40 7 46 
2 2 28 45 5 18 
1 3 10 32 5 49 
0 0 8 59 0 33 
1 1 11 39 4 44 
4 0 32 20 10 34 
9 3 17 25 2 44 
1 1 22 34 5 37 
1 1 26 30 4 38 
3 1 15 38 6 37 
2 1 23 35 4 35 
2 0 19 37 1 41 
1 0 16 10 24 49 
0 5 33 20 12 30 
1 1 32 20 7 39 
4 2 7 32 8 47 
3 0 23 35 7 32 
1 2 25 32 8 32 
3 1 26 34 4 32 
2 0 30 19 5 44 
8 3 9 36 4 40 
4 5 34 16 14 27 
5 0 10 36 7 42 
0 0 27 47 4 22 
1 1 22 25 4 47 
1 2 18 23 16 40 
1 0 21 41 2 35 
2 2 13 34 4 45 
1 0 41 27 5 26 
2 0 17 35 9 37 
2 2 17 39 13 27 
7 11 26 25 7 24 
1 1 20 34 6 38 
1 0 10 47 6 36 
2 1 34 36 2 25 
5 1 13 63 1 17 
4 2 27 34 5 28 
0 1 33 26 2 38 
3 0 29 28 12 28 
1 6 25 25 9 34 
1 0 25 39 5 30 
0 0 25 26 6 43 
1 0 24 28 9 38 
1 4 26 29 8 32 
0 1 18 29 20 32 
1 0 25 16 12 46 
0 0 18 46 2 34 
1 0 1 59 4 35 
1 0 15 38 8 38 
0 4 26 27 8 35 
0 0 22 38 3 37 
4 2 25 13 18 38 
3 2 20 23 7 45 
5 0 31 28 2 34 
0 0 23 42 5 30 
0 0 10 39 2 49 
7 2 16 32 7 36 
4 1 18 56 5 16 
0 2 17 39 9 33 
0 1 24 17 6 52 
2 1 37 35 8 17 
1 1 28 38 3 29 
3 2 20 51 4 20 
5 0 8 37 10 40 
2 0 5 35 7 51 
0 0 20 53 1 26 
3 1 9 42 4 41 
0 0 10 51 0 39 
1 0 27 25 7 40 
2 0 25 29 6 38 
2 2 22 33 7 34 
0 2 49 30 4 15 
1 0 16 39 5 39 
5 1 22 28 3 41 
6 5 30 29 5 25 
0 1 30 47 3 19 
2 2 44 28 4 20 
5 0 27 29 7 32 
2 0 25 35 6 32 
7 3 30 28 4 28 
1 4 26 34 8 27 
1 0 17 26 6 50 
2 1 18 23 6 50 
1 3 26 26 7 37 
2 1 29 35 3 30 
0 2 14 28 11 45 
1 0 17 44 1 37 
4 0 13 31 8 44 
1 0 16 33 8 42 
9 2 39 27 3 20 
6 5 23 19 9 38 
7 3 19 23 10 38 
3 2 16 21 16 42 
2 0 7 33 7 51 
2 2 13 28 11 44 
0 0 14 59 3 24 
2 2 30 16 4 46 
4 1 48 14 1 32 
4 1 34 30 3 28 
0 0 20 27 17 36 
1 0 26 21 6 46 
2 3 31 22 11 31 
4 1 32 30 9 24 
6 0 11 27 12 44 
1 1 17 40 5 36 
3 2 19 34 20 22 
1 0 11 50 1 37 
1 0 25 30 13 31 
2 1 23 42 7 25 
5 2 18 27 11 37 
0 1 8 55 0 36 
9 2 13 26 14 36 
0 0 3 81 1 15 
1 0 20 33 11 35 
3 2 20 26 9 40 
0 0 20 39 6 35 
0 1 18 37 10 34 
1 4 24 35 4 32 
2 2 69 22 0 5 
0 0 11 54 4 31 
0 0 16 68 3 13 
0 3 42 21 5 29 
1 1 33 35 2 28 
3 2 15 23 12 45 
2 1 17 19 13 48 
3 1 8 32 12 44 
5 1 40 16 6 32 
0 0 36 21 10 33 
2 1 18 36 7 36 
1 0 11 30 4 54 
8 2 24 29 5 32 
4 1 8 44 8 35 
2 5 32 20 7 34 
1 0 18 36 1 44 
15 1 15 30 19 20 
5 0 19 30 11 35 
4 0 20 30 4 42 
3 1 19 31 10 36 
0 0 13 31 7 49 
1 1 21 30 4 43 
1 5 25 29 9 31 
2 2 32 26 1 37 
0 0 22 37 0 41 
1 1 24 20 4 50 
0 0 9 70 1 20 
1 0 20 22 17 40 
4 0 14 49 2 31 
4 1 3 51 2 39 
1 1 24 30 11 33 
1 1 15 55 6 22 
3 1 19 47 9 21 
0 2 24 31 2 41 
3 1 19 22 13 42 
1 1 15 26 8 49 
0 2 22 34 10 32 
3 0 20 42 5 30 
2 1 18 23 7 49 
2 0 12 39 5 42 
1 2 21 44 13 19 
0 1 30 35 7 27 
7 1 12 31 19 30 
1 3 25 36 7 28 
1 5 17 32 3 42 
0 0 11 39 5 45 
0 0 10 45 2 43 
5 1 12 29 10 43 
1 0 25 42 5 27 
2 0 19 34 5 40 
1 0 0 68 2 29 
0 0 16 53 0 31 
4 1 16 34 4 41 
5 0 15 23 16 41 
1 1 7 55 0 36 
2 1 22 26 14 35 
1 3 17 29 9 41 
2 4 16 29 7 42 
1 0 29 34 4 32 
3 1 28 31 2 35 
1 0 18 29 6 46 
6 1 26 28 5 34 
3 0 17 31 8 41 
1 1 18 34 4 42 
5 0 18 35 0 42 
1 2 31 27 6 33 
3 1 11 29 17 39 
1 0 26 29 13 31 
2 1 31 39 9 18 
4 2 24 35 9 26 
4 5 22 21 12 36 
14 7 19 27 3 30 
3 2 22 36 8 29 
3 0 25 30 9 33 
1 0 12 63 0 24 
1 2 18 41 6 32 
1 0 21 39 6 33 
0 2 26 27 3 42 
4 4 19 30 9 34 
1 0 14 20 11 54 
2 3 23 13 16 43 
7 2 22 31 3 35 
5 1 10 43 1 40 
0 1 30 19 9 41 
2 6 37 21 3 31 
1 3 38 33 5 20 
3 0 8 46 8 35 
3 2 31 31 5 28 
5 0 15 22 11 47 
2 3 8 34 23 30 
1 2 18 26 5 48 
5 4 24 26 7 34 
1 3 13 33 5 45 
0 1 38 31 2 28 
1 1 40 19 2 37 
2 0 10 23 12 53 
2 0 26 18 12 42 
5 3 30 41 2 19 
5 3 30 26 8 28 
0 1 29 26 7 37 
3 2 24 17 11 43 
2 0 19 26 12 41 
3 2 34 14 9 38 
3 1 17 27 4 48 
0 5 41 23 2 29 
3 0 22 22 5 48 
1 0 14 57 2 26 
0 0 31 12 0 57 
1 1 28 29 3 38 
5 0 37 20 8 30 
2 1 15 30 1 51 
1 1 24 42 4 28 
1 1 32 30 12 24 
8 0 13 22 11 46 
2 0 10 40 4 44 
1 2 24 40 6 27 
3 0 23 37 8 29 
3 0 10 32 9 46 
2 2 24 23 5 44 
0 0 15 38 2 45 
2 0 10 45 7 36 
2 0 16 51 1 30 
0 0 4 66 3 27 
3 1 37 24 3 32 
2 0 22 30 13 33 
4 0 14 32 11 39 
3 1 25 35 4 32 
1 3 28 34 8 26 
2 2 12 37 18 29 
1 0 12 64 0 23 
6 1 25 22 11 35 
1 6 17 22 16 38 
0 0 27 27 10 36 
0 2 20 38 8 32 
2 3 16 36 9 34 
5 1 14 33 14 33 
10 1 26 31 0 32 
4 0 12 31 11 42 
0 0 1 52 0 47 
7 0 38 29 1 25 
5 0 21 37 14 23 
1 3 21 23 13 39 
4 3 17 36 8 32 
1 0 24 42 5 28 
0 0 7 35 3 55 
4 0 7 24 17 48 
3 2 22 32 10 31 
0 0 15 45 2 38 
6 0 16 43 4 31 
4 2 23 36 3 32 
6 1 4 19 21 49 
2 0 11 46 3 38 
3 0 16 45 5 31 
0 0 17 21 25 37 
0 1 12 38 7 42 
7 6 16 35 11 25 
1 0 11 45 2 41 
0 2 28 32 5 33 
0 2 20 38 9 31 
1 0 8 55 0 36 
8 0 18 42 6 26 
3 1 15 31 3 47 
1 4 20 43 2 30 
1 1 31 35 1 31 
6 2 24 35 0 33 
1 2 26 57 6 8 
3 2 10 36 7 42 
2 0 10 41 8 39 
6 0 23 45 0 26 
4 0 7 59 0 30 
5 4 24 24 5 38 
9 1 10 31 7 42 
2 3 25 14 9 47 
4 1 31 17 9 38 
1 3 51 16 5 24 
1 0 7 47 10 35 
0 0 20 39 7 34 
2 0 9 48 14 27 
0 0 22 30 1 47 
2 0 18 36 7 37 
0 0 0 67 0 33 
5 1 21 37 12 24 
1 4 23 22 6 44 
0 2 40 16 4 38 
1 0 9 43 12 35 
0 1 20 22 9 48 
4 5 44 19 2 26 
5 8 24 25 6 32 
2 0 17 45 3 33 
6 1 22 23 2 46 
1 1 29 30 6 33 
6 1 14 36 6 37 
0 1 24 34 7 34 
0 3 17 29 6 45 
2 1 10 38 14 35 
0 0 7 65 0 28 
14 0 7 46 8 25 
2 1 20 29 10 38 
0 0 29 23 8 40 
2 0 26 36 4 32 
0 0 5 62 2 31 
1 3 18 46 3 29 
5 3 19 32 8 33 
1 0 14 43 6 36 
1 0 19 43 3 34 
4 0 15 24 7 50 
2 0 32 27 6 33 
2 5 32 24 11 26 
4 0 12 33 12 39 
1 3 23 33 2 38 
3 2 12 36 9 38 
4 2 24 35 7 28 
3 0 37 21 5 34 
8 5 21 21 6 39 
1 0 13 46 5 35 
5 0 11 42 15 27 
0 0 9 26 11 54 
3 2 20 38 6 31 
3 1 24 37 9 26 
2 1 20 31 3 43 
5 0 33 33 3 26 
0 0 81 8 6 5 
6 3 15 35 4 37 
1 4 13 32 7 43 
8 0 17 18 9 48 
3 2 30 13 12 40 
2 0 9 67 0 22 
1 1 14 46 6 32 
6 3 17 17 5 52 
4 3 24 20 3 46 
3 3 24 31 9 30 
4 4 33 27 3 29 
2 2 28 31 1 36 
1 2 39 30 2 26 
0 1 28 43 3 25 
1 0 23 33 9 34 
5 3 22 14 11 45 
3 3 30 28 2 34 
1 1 5 23 5 65 
11 0 6 29 17 37 
2 0 8 63 1 26 
1 0 26 37 4 32 
0 1 20 35 7 37 
0 0 0 55 0 45 
3 2 15 21 16 43 
0 0 18 42 7 33 
3 1 13 36 17 30 
2 0 28 22 8 40 
5 2 34 27 10 22 
3 0 8 70 3 16 
4 0 7 25 19 45 
5 0 6 59 0 30 
0 6 29 19 7 39 
0 0 6 62 1 31 
0 0 19 32 11 38 
5 1 19 27 12 36 
1 0 22 41 9 27 
39 3 6 27 8 17 
3 0 40 13 16 28 
2 0 6 30 7 55 
3 1 23 32 4 37 
1 1 33 23 4 38 
2 0 22 29 9 38 
1 0 18 63 0 18 
2 1 12 26 4 55 
8 1 28 25 3 35 
2 0 30 44 6 18 
0 0 7 60 13 20 
2 0 15 28 12 43 
7 7 22 20 11 33 
2 0 8 19 21 50 
2 2 29 34 8 25 
0 1 13 18 12 56 
0 0 25 38 3 34 
4 8 25 18 10 35 
1 3 21 24 9 42 
1 4 40 22 8 25 
0 0 28 43 1 28 
2 2 32 21 2 41 
1 1 12 45 4 37 
3 3 35 30 3 26 
5 1 9 30 7 48 
1 3 29 27 9 31 
5 2 33 24 5 31 
2 2 19 34 5 38 
3 1 26 36 5 29 
0 4 22 33 5 36 
3 1 8 28 11 49 
0 0 33 21 4 42 
2 1 24 26 7 40 
3 0 5 39 4 49 
1 1 19 59 4 16 
3 1 29 14 8 45 
5 0 9 40 11 35 
0 1 20 38 2 39 
1 5 15 38 6 35 
5 2 41 29 3 20 
3 7 29 20 8 33 
7 5 25 29 3 31 
0 4 37 34 12 13 
1 0 19 68 1 11 
2 1 12 37 15 33 
1 2 28 24 10 35 
8 3 18 16 16 39 
2 1 29 24 3 41 
4 2 22 30 6 36 
0 2 24 29 7 38 
2 3 38 29 7 21 
0 2 38 25 3 32 
2 4 28 26 4 36 
5 1 6 31 11 46 
3 0 13 49 3 32 
4 4 28 38 7 19 
1 2 8 37 6 46 
0 1 14 31 9 45 
1 1 14 48 5 31 
1 4 31 19 9 36 
6 4 41 24 7 18 
8 2 10 25 14 41 
10 1 29 31 3 26 
1 0 9 67 0 23 
1 1 22 36 15 25 
0 1 25 43 4 27 
1 1 43 22 3 30 
2 1 23 27 9 38 
3 4 21 31 4 37 
1 2 31 25 7 34 
2 3 34 23 3 35 
1 1 30 27 10 31 
1 0 17 38 9 35 
2 0 3 50 5 40 
1 0 12 52 5 30 
2 1 13 38 10 36 
3 1 12 31 8 45 
7 1 22 34 3 33 
3 0 18 14 10 55 
1 0 14 40 6 39 
0 0 14 73 2 11 
0 0 19 32 8 41 
0 1 4 68 2 25 
1 0 20 39 6 34 
5 1 18 24 0 52 
4 2 26 23 8 37 
2 0 4 23 1 70 
2 1 15 45 0 37 
2 0 14 40 0 44 
0 2 42 24 6 26 
0 1 22 24 9 44 
5 1 24 26 11 33 
10 4 32 14 5 35 
6 0 26 30 13 25 
1 4 38 18 10 29 
5 1 24 28 8 34 
1 1 6 50 4 38 
1 0 10 53 12 24 
3 0 11 38 5 43 
1 4 15 31 7 42 
1 0 24 39 2 34 
1 4 19 18 12 46 
2 3 13 31 14 37 
4 2 13 19 11 51 
2 0 20 29 3 46 
4 1 37 25 2 31 
4 1 27 25 8 35 
10 2 10 10 24 44 
3 1 30 28 15 23 
1 0 19 63 1 16 
2 1 10 42 6 39 
2 0 24 25 7 42 
1 2 19 27 7 44 
3 4 32 17 14 30 
3 1 35 26 4 31 
10 2 14 21 17 36 
2 0 26 25 6 41 
7 4 13 20 14 42 
10 3 28 16 5 38 
1 5 15 39 11 29 
5 2 23 38 10 22 
0 0 7 52 2 39 
3 0 12 40 10 35 
1 2 16 69 1 11 
7 1 30 29 4 29 
2 7 26 13 15 37 
4 0 14 49 5 28 
1 1 16 34 3 45 
3 7 28 35 8 19 
1 1 27 24 6 41 
7 3 24 24 9 33 
2 0 5 50 3 40 
3 0 16 40 6 35 
4 1 22 32 7 34 
0 1 40 32 6 21 
11 0 20 35 7 27 
2 1 21 34 7 35 
1 0 9 32 5 53 
1 0 12 36 13 38 
0 3 24 26 10 37 
10 2 17 28 6 37 
2 5 27 30 3 33 
0 0 1 31 5 63 
0 1 8 58 5 28 
1 0 29 37 4 29 
0 0 4 53 0 43 
3 4 27 32 5 29 
2 1 33 37 2 25 
1 0 12 64 2 21 
1 0 9 48 3 39 
1 0 15 40 1 43 
1 1 32 19 4 43 
2 2 24 42 9 21 
10 1 27 21 3 38 
1 1 27 20 5 46 
0 0 18 37 13 32 
1 0 10 51 1 37 
2 0 8 37 8 45 
1 0 10 41 12 36 
0 0 19 26 2 53 
1 0 5 64 4 26 
0 0 0 100 0 0 
4 1 14 40 11 30 
0 2 20 31 7 40 
7 0 13 21 5 54 
1 3 29 24 3 40 
5 4 25 13 13 40 