0.00764006791171
0.0151860288535
0.0266666666667
0.012533572068
0.011524822695
0.00868486352357
0.000861326442722
0.00600961538462
0.00830188679245
0.0205303678358
0.0199175824176
0.000860585197935
0.0046511627907
0.0121120363361
0.0186219739292
0.0179775280899
0.00483675937122
0.00392772977219
0.0196319018405
0.0166139240506
0.00789058390321
0.0150880134116
0.0102040816327
0.00274223034735
0.0168208578638
0.00978473581213
0.00711743772242
0.00649350649351
0.00485731633273
0.00342465753425
0.0216346153846
0.00213523131673
0.00546075085324
0.0279162512463
0.015873015873
0.0112165660052
0.00381097560976
0.00574712643678
0.00145772594752
0.00794100964265
0.0220900594732
0.0202429149798
0.00298062593145
0.0
0.0168644597127
0.0134818288394
0.00208986415883
0.0185471406491
0.00411184210526
0.0207972270364
0.00278810408922
0.0064874884152
0.00504032258065
0.029945553539
0.0127551020408
0.0173697270471
0.0170278637771
0.0212765957447
0.00488201790073
0.00885668276973
0.0151111111111
0.022324865281
0.0117907148121
0.0114235500879
0.00739176346357
0.00226928895613
0.00758533501896
0.0343392299688
0.00560224089636
0.0145719489982
0.0016583747927
0.0192802056555
0.003367003367
0.0172839506173
0.00920679886686
0.007866273353
0.00532623169108
0.0104275286757
0.0128865979381
0.0103578154426
0.00579150579151
0.0222063037249
0.0386579139314
0.00780141843972
0.0144628099174
0.00361663652803
0.00989345509893
0.000807102502018
0.00708103855232
0.0108813928183
0.0092936802974
0.00243753808653
0.00838222967309
0.011914217633
0.0150905432596
0.00610169491525
0.00747663551402
0.0363937138131
0.0153333333333
0.00913242009132
0.00680693069307
0.0103244837758
0.0282436010591
0.00271002710027
0.0028328611898
0.028665028665
0.017358490566
0.0104712041885
0.0102516309413
0.0179924242424
0.00637450199203
0.0
0.00638977635783
0.0110864745011
0.0070771408351
0.0218270008084
0.0194319880419
0.00512382578992
0.00858895705521
0.0189491817399
0.0110552763819
0.00729927007299
0.0115452930728
0.0239948119326
0.0211480362538
0.00393700787402
0.00317712470214
0.0237331622835
0.0126883425852
0.00460829493088
0.0225988700565
0.0150197628458
0.00582524271845
0.0148920327625
0.00413650465357
0.00783699059561
0.0081799591002
0.00813953488372
0.000748502994012
0.016155088853
0.00236779794791
0.00772200772201
0.0315789473684
0.00213675213675
0.00146735143067
0.00682852807284
0.00192122958694
0.00725952813067
0.00357568533969
0.0238305383936
0.0191387559809
0.00370644922165
0.0160067396799
0.00697906281157
0.0120627261761
0.00460122699387
0.0226654578422
0.0174848688635
0.0185089974293
0.00348432055749
0.0193826274228
0.00695047784535
0.00703674745895
0.00399361022364
0.00430725053841
0.00827205882353
0.0248493975904
0.00577557755776
0.0121107266436
0.00910931174089
0.00560224089636
0.0145161290323
0.0106288751107
0.0144230769231
0.0110619469027
0.00427960057061
0.0189473684211
0.00495356037152
0.00365497076023
0.00660792951542
0.0187416331995
0.0105008077544
0.0246913580247
0.00120554550934
0.0119521912351
0.0120056497175
0.00690607734807
0.0189993666878
0.0125448028674
0.00406091370558
0.00394866732478
0.00430107526882
0.0077380952381
0.00109649122807
0.0103092783505
0.0168067226891
0.0286320254507
0.00672268907563
0.0061099796334
0.0255957634598
0.00533333333333
0.0109729334309
0.0193798449612
0.00477554918816
0.0063051702396
0.00714285714286
0.0131578947368
0.0164964650432
0.01393728223
0.00989208633094
0.0121703853955
0.0151228733459
0.0036496350365
0.0035739814153
0.000832639467111
0.00415973377704
0.01875
0.0324909747292
0.0108803165183
0.0175202156334
0.00877192982456
0.00573248407643
0.010752688172
0.00448095593727
0.000989119683482
0.025468164794
0.0064
0.00593723494487
0.00232558139535
0.00405186385737
0.00275862068966
0.0
0.00557966522009
0.00438212094654
0.0183654729109
0.0100775193798
0.0291173794359
0.00629590766002
0.00841514726508
0.00137174211248
0.00976971388695
0.0046439628483
0.00179694519317
0.0101966496723
0.018539976825
0.0349090909091
0.00654022236756
0.00468227424749
0.00472440944882
0.0128617363344
0.00492610837438
0.0
0.0185567010309
0.00662251655629
0.0134048257373
0.0183908045977
0.0104302477184
0.0199600798403
0.0180806675939
0.00945626477541
0.0117484450587
0.0183406113537
0.014888337469
0.00848256361923
0.0135693215339
0.00751879699248
0.0162932790224
0.0250965250965
0.0126582278481
0.00492004920049
0.00688599846978
0.0416666666667
0.00653594771242
0.00227617602428
0.0141843971631
0.0
0.00505561172902
0.00435255712731
0.0185185185185
0.00501002004008
0.00872817955112
0.0102354145343
0.00394632991318
0.0152941176471
0.00251889168766
0.0359531772575
0.0241448692153
0.00916784203103
0.0105596620908
0.0130861504907
0.002849002849
0.0078125
0.00678952473327
0.00225563909774
0.00215672178289
0.00493583415597
0.00673400673401
0.00338600451467
0.000862068965517
0.0110441767068
0.00733496332518
0.00953206239168
0.00825309491059
0.0030612244898
0.00966542750929
0.019512195122
0.00819672131148
0.0104772991851
0.0171969045572
0.0095652173913
0.0238500851789
0.0191387559809
0.0065717415115
0.0130293159609
0.0105433901054
0.0165289256198
0.00883218842002
0.0149892933619
0.013610888711
0.0242522231205
0.0143442622951
0.0469273743017
0.00435413642961
0.000604229607251
0.0149942329873
0.0171673819742
0.00505689001264
0.0153374233129
0.0140712945591
0.000769822940724
0.0150176678445
0.0349386213409
0.0105973025048
0.0340531561462
0.019550342131
0.00786026200873
0.0134907251265
0.0
0.0151780502043
0.0202140309156
0.00105152471083
0.00588730025231
0.0427852348993
0.00823529411765
0.0100824931256
0.0109489051095
0.0306674684305
0.0237264480112
0.00347222222222
0.0142711518858
0.0377588306943
0.0214329454991
0.0144596651446
0.00413564929694
0.00975927130774
0.0
0.00925069380204
0.00373134328358
0.0154320987654
0.018115942029
0.0129659643436
0.0129136400323
0.0103716508211
0.0262361251261
0.00294695481336
0.0126239855726
0.0213078618663
0.0093023255814
0.0285913528591
0.00415512465374
0.0237003058104
0.00566801619433
0.0169348010161
0.00714285714286
0.0144680851064
0.002457002457
0.0110497237569
0.0238365493757
0.00498220640569
0.00714285714286
0.0176928520878
0.00321199143469
0.00704934541793
0.035795887281
0.00264375413087
0.0153707052441
0.0156985871272
0.00402010050251
0.0262295081967
0.00549450549451
0.0190718372537
0.00854700854701
0.0065963060686
0.00463269358041
0.00428265524625
0.013357079252
0.0208116545265
0.0258690379951
0.00706033376123
0.00486854917235
0.000818330605565
0.0127952755906
0.0336569579288
0.0286975717439
0.00796812749004
0.0087783467447
0.0307455803228
0.00482425913163
0.0046332046332
0.00676691729323
0.0
0.00810611643331
0.0054844606947
0.0433255269321
0.00646551724138
0.00438116100767
0.00622406639004
0.024208566108
0.0132113821138
0.00832562442183
0.00379746835443
0.0136585365854
0.00629650829994
0.0121654501217
0.000797448165869
0.0100502512563
0.0171919770774
0.0123456790123
0.0305039787798
0.00819112627986
0.0508308895406
0.00645756457565
0.0036496350365
0.0181818181818
0.00444839857651
0.0138181818182
0.00893997445722
0.00661157024793
0.0242483026188
0.00382043935053
0.014953271028
0.00535168195719
0.00836820083682
0.00147928994083
0.0117096018735
0.0257475083056
0.00794351279788
0.0216486261449
0.0167865707434
0.0372250423012
0.00688231245699
0.0156889495225
0.00182982616651
0.0115995115995
0.00525969756739
0.00343347639485
0.0
0.00983606557377
0.025787965616
0.00634920634921
0.0125523012552
0.00436681222707
0.0306486101212
0.0058862001308
0.0144596651446
0.00974817221771
0.00170454545455
0.0104166666667
0.00512163892446
0.00821018062397
0.00290979631426
0.0143884892086
0.0204724409449
0.00100300902708
0.0195160031226
0.00461041954818
0.00623052959502
0.0310810810811
0.0104166666667
0.00578034682081
0.0110864745011
0.00872093023256
0.0129081245254
0.019512195122
0.0107991360691
0.00881355932203
0.0126282557222
0.0128976784179
0.0653658536585
0.0133828996283
0.00179694519317
0.0114613180516
0.00475059382423
0.00164203612479
0.00259909031839
0.00393081761006
0.00126582278481
0.0160570918822
0.0073726541555
0.00381679389313
0.0117021276596
0.00975081256771
0.0156657963446
0.00555114988105
0.0366398570152
0.0220264317181
0.0121753246753
0.0160427807487
0.00947119179163
0.0103916866507
0.00974313551816
0.00287907869482
0.0143971205759
0.0046511627907
0.00325467860049
0.0053050397878
0.00846432889964
0.0134969325153
0.021897810219
0.0145148968678
0.0197530864198
0.0154506437768
0.0124917817226
0.00411946446962
0.00829015544041
0.0365758754864
0.0414507772021
0.0053715308863
0.0141987829615
0.00499064254523
0.00429184549356
0.00527108433735
0.00861326442722
0.0048971596474
0.00764006791171
0.00659340659341
0.0162059103908
0.0142292490119
0.00577081615829
0.00954032957502
0.008
0.00622775800712
0.000791765637371
0.0133333333333
0.00496963003865
0.0108487555839
0.00857755539671
0.00445632798574
0.01414427157
0.0226781857451
0.0166402535658
0.0129270544783
0.033051498847
0.0342342342342
0.01189296333
0.00426985482494
0.0253073029646
0.0
0.0354166666667
0.00666173205033
0.0333006856024
0.0235756385069
0.00575184880855
0.00885935769657
0.0119331742243
0.00645161290323
0.00700525394046
0.000751879699248
0.0122655122655
0.0140421263791
0.00675675675676
0.00944081336238
0.00427715996578
0.00560538116592
0.0471806674338
0.00431965442765
0.00434153400868
0.0264367816092
0.00954979536153
0.00477554918816
0.015690376569
0.0190538764783
0.0186282811177
0.00114810562572
0.0
0.00748362956034
0.00688599846978
0.00630630630631
0.00135226504395
0.0149136577708
0.0185029436501
0.0199081163859
0.00324044069994
0.00777453838678
0.00772698003863
0.0185676392573
0.00389357560026
0.0254777070064
0.0190274841438
0.00412371134021
0.0147750167898
0.0199619771863
0.0163710777626
0.0142109199701
0.0200743494424
0.00533536585366
0.00204498977505
0.0346666666667
0.0149253731343
0.00169779286927
0.00955109837631
0.00614754098361
0.00219138056976
0.00591715976331
0.0139720558882
0.0215053763441
0.00302419354839
0.00667779632721
0.00581020012912
0.0110429447853
0.00628140703518
0.0158353127474
0.0420240137221
0.0202349869452
0.0089552238806
0.0129345189976
0.0102389078498
0.0326315789474
0.015301530153
0.0193986420951
0.0189075630252
0.00082304526749
0.00792253521127
0.00353982300885
0.00929152148664
0.0105777054516
0.0135886349599
0.00518582541054
0.00454890068234
0.0141791044776
0.0115990057995
0.00443951165372
0.004158004158
0.00357142857143
0.0149377593361
0.00166112956811
0.0103537532355
0.00873362445415
0.00116009280742
0.013612565445
0.00805860805861
0.0077519379845
0.0208494208494
0.0212014134276
0.00872410032715
0.0181818181818
0.00568181818182
0.00277008310249
0.00525762355415
0.0168970814132
0.00414593698176
0.00416377515614
0.0195729537367
0.0134529147982
0.00630417651694
0.0
0.00435097897027
0.0133891213389
0.00737463126844
0.00294117647059
0.00930954228084
0.0068166325835
0.0021770682148
0.00187032418953
0.00829562594268
0.00887096774194
0.0345080763583
0.0143613000756
0.0127326150833
0.0131578947368
0.008
0.00924024640657
0.00731869594145
0.00883152173913
0.0
0.00580270793037
0.0109990834097
0.00529100529101
0.0102214650767
0.0115207373272
0.0159304851557
0.00425230333097
0.00502512562814
0.00430663221361
0.0118380062305
0.00945179584121
0.0226904376013
0.00352733686067
0.0119435396308
0.00312744331509
0.00836501901141
0.0102489019034
0.0058651026393
0.00929839391378
0.00873362445415
0.000892060660125
0.0327214684757
0.0150862068966
0.00897666068223
0.00563607085346
0.0110619469027
0.0137614678899
0.0130151843818
0.00265604249668
0.0165175498968
0.00507982583454
0.0253164556962
0.0120705663881
0.00918635170604
0.0144927536232
0.0142749812171
0.00254237288136
0.0117044623263
0.00709219858156
0.021645021645
0.0103878116343
0.00824499411072
0.00829875518672
0.00683994528044
0.00366837857667
0.0150684931507
0.00397614314115
0.00397219463754
0.0125523012552
0.0136363636364
0.0127157129882
0.00723981900452
0.00419727177335
0.0240577385726
0.00597609561753
0.00850546780073
0.0110537951363
0.0177606177606
0.0138248847926
0.00744878957169
0.00877192982456
0.0206896551724
0.0129032258065
0.00436363636364
0.00282485875706
0.00726552179657
0.00138121546961
0.00853970964987
0.0104790419162
0.00709219858156
0.0080971659919
0.0140421263791
0.00476758045292
0.0143721633888
0.00120048019208
0.00395778364116
0.00940733772342
0.00435729847495
0.00737553779963
0.00635593220339
0.017316017316
0.00930713547053
0.0118168389956
0.0151515151515
0.00623052959502
0.00503144654088
0.000741839762611
0.00297265160523
0.0203942895989
0.00309119010819
0.00223880597015
0.00219138056976
0.0294117647059
0.00970088924818
0.00142551674982
0.0139211136891
0.0112179487179
0.00852618757613
0.00689655172414
0.00933609958506
0.00803506208912
0.000723589001447
0.00334728033473
0.0161434977578
0.0137509549274
0.00667475728155
0.0161943319838
0.00814332247557
0.00503355704698
0.0114848236259
0.00192122958694
0.0185185185185
0.013418079096
0.0190156599553
0.333855799373
0.00579150579151
0.00325127728751
0.00651041666667
0.00469483568075
0.00105596620908
0.00378501135503
0.00247933884298
0.0189445196211
0.00203942895989
0.0046511627907
0.00564516129032
0.0
0.0179333902647
0.00880281690141
0.00290065264685
0.0148247978437
0.0141998907701
0.00506512301013
0.00254237288136
0.0165562913907
0.0164794007491
0.0182882223848
0.00571428571429
0.0196353436185
0.0158460667799
0.0201550387597
0.0025641025641
0.00563153660499
0.00683994528044
0.00256739409499
0.0179461615155
0.00510638297872
0.00147819660015
0.009942004971
0.0079006772009
0.00224382946896
0.00594353640416
0.0131147540984
0.00422195416164
0.023976023976
0.0126368997473
0.0116883116883
0.00287976961843
0.012908777969
0.0028129395218
0.0175
0.00476947535771
0.00705329153605
0.00684931506849
0.00392927308448
0.00341530054645
0.00837776085301
0.0182748538012
0.0313559322034
0.0135501355014
0.0122989593188
0.00577663671374
0.00608519269777
0.00764609503004
0.00197109067017
0.00887573964497
0.027358490566
0.0246056782334
0.00597907324365
0.0131445904954
0.0185185185185
0.0150753768844
0.0116279069767
0.00959561343386
0.00375657400451
0.00867052023121
0.0138089758343
0.00471698113208
0.0119634060521
0.018901890189
0.00497159090909
0.00442477876106
0.0164948453608
0.00345423143351
0.012213740458
0.00256849315068
0.0135520684736
0.00530222693531
0.0159500693481
0.00263388937665
0.0167427701674
0.0261058738216
0.0495458298927
0.0253542132737
0.0032
0.0171969045572
0.00504686373468
0.00109649122807
0.00947867298578
0.00579430226944
0.0103896103896
0.00444162436548
0.0179407176287
0.034504391468
0.0049504950495
0.0526870389884
0.010498687664
0.00795228628231
0.0953079178886
0.015873015873
0.00419111483655
0.0109803921569
0.0106907894737
0.00506146059291
0.00816882232811
0.0171939477304
0.0169204737733
0.00697674418605
0.0134228187919
0.00529100529101
0.02194092827
0.0109190172884
0.00615858352579
0.00839793281654
0.015015015015
0.00189573459716
0.00425531914894
0.0236375574524
0.0156895127993
0.0239197530864
0.00387596899225
0.00800533689126
0.00475435816165
0.0143497757848
0.00875796178344
0.0109375
0.00109529025192
0.0152941176471
0.0228013029316
0.00256904303147
0.0154466084621
0.00871248789932
0.0225835591689
0.0185029436501
0.0025817555938
0.00892857142857
0.00310880829016
0.0131950989632
0.0136200716846
0.00665004156276
0.00776699029126
0.00892857142857
0.0194871794872
0.00904977375566
0.00477326968974
0.0264797507788
0.00455235204856
0.0212244897959
0.01243339254
0.020964360587
0.0212765957447
0.0345125107852
0.0126404494382
0.0124416796267
0.0126300148588
0.0127531882971
0.0168421052632
0.0199652777778
0.0164986251146
0.00968783638321
0.00605245460659
0.0172588832487
0.00607902735562
0.00489853044087
0.0063829787234
0.0170212765957
0.00808960796515
0.0113460546674
0.0139494333043
0.00920028308563
0.0123296560675
0.0020202020202
0.00409836065574
0.0122950819672
0.00759878419453
0.0054347826087
0.00919540229885
0.0225829216655
0.0268456375839
0.0102941176471
0.0183574879227
0.00737100737101
0.016724738676
0.0108538350217
0.0064043915828
0.00329380764163
0.0184426229508
0.0175131348511
0.0228526398739
0.00526315789474
0.0134228187919
0.0117570215545
0.00847457627119
0.00900900900901
0.0173913043478
0.00901713255185
0.00370096225019
0.0061115355233
0.0136830102623
0.00707547169811
0.0116099071207
0.0160116448326
0.0128354725788
0.0228887134964
0.00526315789474
0.0100468854655
0.00798258345428
0.00816326530612
0.0248161764706
0.00689223057644
0.0547445255474
0.0174563591022
0.00299102691924
0.00641940085592
0.00291262135922
0.0144267274108
0.0289634146341
0.00291545189504
0.0138383102695
0.00176991150442
0.00929614873838
0.0221729490022
0.00645539906103
0.0134493670886
0.0024
0.00726552179657
0.0238879736409
0.0155251141553
0.0076169749728
0.0155569383945
0.00454132606721
0.00386847195358
0.013249651325
0.0
0.0244755244755
0.021897810219
0.0171821305842
0.00902934537246
0.0155945419103
0.0146551724138
0.00383141762452
0.00422832980973
0.00651769087523
0.0219155844156
0.0129482071713
0.00550055005501
0.00139082058414
0.00469483568075
0.00513259195894
0.00833333333333
0.0108035111411
0.0109756097561
0.0107836089145
0.01617076326
0.0151245551601
0.0107349298101
0.0167664670659
0.00290697674419
0.0164217804667
0.0146892655367
0.010101010101
0.00914913083257
0.00839630562552
0.0188141391106
0.0080971659919
0.0036866359447
0.00834202294056
0.0217391304348
0.0223463687151
0.0154888673766
0.0087260034904
0.0122699386503
0.00941176470588
0.0199134199134
0.0116459627329
0.00694980694981
0.0109204368175
0.0108794197643
0.019131714496
0.0120274914089
0.0185694635488
0.00455373406193
0.00725115359262
0.0144124168514
0.0112945264987
0.00521609538003
0.00945179584121
0.0239520958084
0.00969109630527
0.004455760662
0.00977517106549
0.0133079847909
0.00676818950931
0.00496277915633
0.0107317073171
0.00211565585331
0.0126751167445
0.00717948717949
0.0331125827815
0.0178784266985
0.012987012987
0.0171379605827
0.0140148392415
0.000842459983151
0.016452074392
0.0128205128205
0.0076169749728
0.0193740685544
0.010801080108
0.0102489019034
0.0285714285714
0.00665054413543
0.0089358245329
0.00683526999316
0.0240073868883
0.0172651933702
0.0229960578187
0.00358422939068
0.0156133828996
0.0043057050592
0.00469798657718
0.0226510067114
0.0175913396482
0.0165441176471
0.0030612244898
0.00617283950617
0.0112023898432
0.0134897360704
0.0148560817084
0.00105876124934
0.0127157129882
0.0122410546139
0.020059435364
0.0179445350734
0.0105042016807
0.00763358778626
0.00889152341434
0.00147058823529
0.0135658914729
0.013671875
0.0270087778528
0.00358680057389
0.0180315552216
0.0444033302498
0.0156950672646
0.00435161009574
0.00998336106489
0.0134357005758
0.0165662650602
0.00388198757764
0.0126083530339
0.0229793977813
0.0418454935622
0.0229405630865
0.0174002047083
0.00823353293413
0.0135961930659
0.0130494505495
0.00576368876081
0.0252904989747
0.00440852314475
0.00810810810811
0.00384615384615
0.00261096605744
0.0273851590106
0.00395647873393
0.0169712793734
0.0181674565561
0.00402252614642
0.0110957004161
0.0135135135135
0.0148777895855
0.00634417129262
0.00889801505818
0.00405679513185
0.011961722488
0.0100214745884
0.00371287128713
0.0152542372881
0.0021645021645
0.0148471615721
0.00823529411765
0.028971028971
0.00856164383562
0.0125156445557
0.012393493416
0.0259481037924
0.0127226463104
0.036181678214
0.016393442623
0.00514579759863
0.0137488542621
0.0171635049684
0.0204513399154
0.00771604938272
0.00877192982456
0.0130718954248
0.00557275541796
0.0154142581888
0.03125
0.00810014727541
0.0183284457478
0.00849420849421
0.00770547945205
0.0089219330855
0.00833912439194
0.00746697300402
0.0177717019822
0.000762195121951
0.00123609394314
0.00455788514129
0.0118632240056
0.0341394025605
0.00822368421053
0.016403785489
0.00866217516843
0.0170556552962
0.0185062789161
0.00570206699929
0.00678952473327
0.0
0.00566037735849
0.00671704450042
0.0365058670143
0.00359712230216
0.00450856627592
0.00243704305443
0.00474683544304
0.00659521846661
0.0251889168766
0.00724637681159
0.011315417256
0.00840336134454
0.0133891213389
0.00692307692308
0.00893854748603
0.00650759219089
0.0246753246753
0.00912863070539
0.0152671755725
0.00154320987654
0.0162991371045
0.0131255127153
0.00734693877551
0.00711743772242
0.0
0.00475624256837
0.00157480314961
0.0153846153846
0.00673400673401
0.0226244343891
0.00695047784535
0.019696969697
0.004500450045
0.000786163522013
0.00754242614708
0.00416233090531
0.00773014757554
0.00304723209751
0.00481430536451
0.00861141011841
0.00709219858156
0.0103626943005
0.00677506775068
0.00673400673401
0.00731528895391
0.00623830318153
0.00160642570281
0.00413907284768
0.00165289256198
0.0140977443609
0.00842696629213
0.0136815920398
0.0113339145597
0.0105078809107
0.00510855683269
0.00845253576073
0.00744558991982
0.0
0.00974025974026
0.0132200188857
0.00961538461538
0.00646551724138
0.00416319733555
0.014742014742
0.0224150397686
0.0251293422025
0.00396432111001
0.00272479564033
0.00345423143351
0.00495540138751
0.00554675118859
0.00907029478458
0.00242326332795
0.00853485064011
0.0401337792642
0.0169946332737
0.00555170020819
0.00881953867028
0.00514138817481
0.00661375661376
0.00479452054795
0.0131477184841
0.00776914539401
0.00219058050383
0.00325998370008
0.00971599402093
0.0083932853717
0.0107973421927
0.0037759597231
0.00798580301686
0.00758150113723
0.0108161258604
0.0091613812544
0.00407450523865
0.0103412616339
0.00628140703518
0.0138142747506
0.00813609467456
0.0120036934441
0.0116807268008
0.0
0.00297619047619
0.0142749812171
0.00925925925926
0.0137111517367
0.000984251968504
0.0097244732577
0.0134048257373
0.00325732899023
0.00478468899522
0.0055423594616
0.0149842271293
0.0153225806452
0.00287356321839
0.00852459016393
0.00270635994587
0.00540540540541
0.0131195335277
0.00857843137255
0.0171428571429
0.00782661047562
0.00991609458429
0.00956632653061
0.00685602350637
0.0114860014358
0.0064043915828
0.00780572419775
0.00241109101869
0.00148920327625
0.0029520295203
0.0236928104575
0.00367647058824
0.00943396226415
0.00576606260297
0.00734312416555
0.0111856823266
0.00421686746988
0.00904605263158
0.0321888412017
0.00383877159309
0.00771604938272
0.00323362974939
0.0109452736318
0.01414427157
0.00223713646532
0.00224550898204
0.0108191653787
0.014742014742
0.00527505651846
0.00627943485086
0.00508474576271
0.0040899795501
0.00759734093067
0.0016077170418
0.010861132661
0.00888888888889
0.0103591160221
0.0064829821718
0.0181132075472
0.0136861313869
0.0253759398496
0.0111524163569
0.00773694390716
0.0096870342772
0.00497925311203
0.0173535791757
0.012339055794
0.00408163265306
0.0107991360691
0.00664451827243
0.00900900900901
0.00370919881306
0.00316957210777
0.00095328884652
0.00682261208577
0.0188189487346
0.00254022015241
0.0164835164835
0.015731874145
0.00796019900498
0.0225941422594
0.0124087591241
0.0316901408451
0.0110375275938
0.00311526479751
0.000997008973081
0.0109204368175
0.00403551251009
0.0056
0.00706940874036
0.00812457684496
0.00944138473643
0.00396825396825
0.0286298568507
0.00597609561753
0.001
0.00267558528428
0.0103519668737
0.00520446096654
0.0174326465927
0.00393700787402
0.00377833753149
0.00909090909091
0.0047138047138
0.00936170212766
0.00913242009132
0.0103092783505
0.0068093385214
0.00413223140496
0.00238663484487
0.00582847626978
0.00553709856035
0.006628003314
0.0106382978723
0.00699745547074
0.0174306003873
0.0378378378378
0.0072
0.0118296529968
0.0139194139194
0.00636942675159
0.00791034937376
0.00328407224959
0.0152817574021
0.00796812749004
0.0127055306428
0.0135021097046
0.0128095644748
0.00985221674877
0.00986193293886
0.0063051702396
0.00763358778626
0.00651465798046
0.0333333333333
0.0149769585253
0.0132275132275
0.00815956482321
0.0173824130879
0.0075
0.00512295081967
0.00539374325782
0.00794912559618
0.00682593856655
0.0166666666667
0.0115606936416
0.0101123595506
0.0232081911263
0.0117139334155
0.00833333333333
0.014358974359
0.0
0.00396301188904
0.0119225037258
0.0102420856611
0.00818181818182
0.00220913107511
0.0030888030888
0.00609756097561
0.0124450951684
0.00579470198675
0.00785083415113
0.0171898355755
0.00177147918512
0.0114449213162
0.00323362974939
0.00260642919201
0.0151515151515
0.0102915951973
0.00723981900452
0.00746825989544
0.0148192056906
0.0174880763116
0.00325998370008
0.0249355116079
0.0124584717608
0.0217696629213
0.00981873111782
0.0199170124481
0.00584795321637
0.0157430730479
0.00548589341693
0.0207290922087
0.0090661831369
0.00654129190515
0.0199004975124
0.0120992135511
0.00333889816361
0.0115495668912
0.0140597539543
0.00699300699301
0.0213903743316
0.00807265388496
0.038493038493
0.00943396226415
0.00620017714792
0.0056657223796
0.00363967242948
0.00752908966461
0.0080142475512
0.011811023622
0.0109452736318
0.0134529147982
0.00324675324675
0.00488485694348
0.00464756003098
0.0092936802974
0.00638103919781
0.00923295454545
0.0154545454545
0.00531561461794
0.0172981878089
0.00861244019139
0.00363108206245
0.00955223880597
0.0237892948173
0.00956937799043
0.0103420843278
0.00929752066116
0.00676589986468
0.00523168908819
0.00286532951289
0.00896495517522
0.0111386138614
0.00985761226725
0.0091059602649
0.0
0.0248520710059
0.0
0.0109460516028
0.00127145581691
0.00446827524576
0.0032930845225
0.00988319856244
0.00840336134454
0.00828025477707
0.0
0.0102236421725
0.0036866359447
0.0131406044678
0.00539374325782
0.00491642084562
0.0187725631769
0.00860215053763
0.0127388535032
0.0257566001288
0.0103448275862
0.0073046018992
0.00698215671063
0.00760456273764
0.00554323725055
0.00301204819277
0.00907258064516
0.00427715996578
0.00271370420624
0.00853578463559
0.004329004329
0.00159489633174
0.00773014757554
0.00667938931298
0.0217018846374
0.00779588944011
0.00776699029126
0.00108577633008
0.0064043915828
0.0215889464594
0.0122699386503
0.0106732348112
0.00625
0.000759878419453
0.004004004004
0.0036231884058
0.0100316789863
0.0173292558614
0.015770609319
0.00951173113507
0.0061804697157
0.00827067669173
0.0156537753223
0.0214395099541
0.00651465798046
0.0091407678245
0.0041265474553
0.0159651669086
0.0122410546139
0.0180897250362
0.010781671159
0.0061135371179
0.0
0.0135440180587
0.00614124872057
0.0070771408351
0.0021897810219
0.0106280193237
0.00901577761082
0.00971599402093
0.00432525951557
0.0102367242482
0.00752508361204
0.00259909031839
0.00379027163613
0.00165425971878
0.0058651026393
0.00699300699301
0.00609013398295
0.0141700404858
0.00279916025192
0.0111876075731
0.00643604183427
0.0175763182239
0.0118137595552
0.0124481327801
0.0064391500322
0.0034344590727
0.00593119810202
0.0128617363344
0.00917431192661
0.00900900900901
0.00589970501475
0.00912921348315
0.00744248985115
0.00640652300524
0.00807265388496
0.0118143459916
0.0126353790614
0.00176991150442
0.00158353127474
0.00282485875706
0.00765696784074
0.0029429075927
0.0285388127854
0.0116518163125
0.0116518163125
0.00231481481481
0.00870730073677
0.00761421319797
0.0130391173521
0.0117739403454
0.0102766798419
0.00379506641366
0.0132508833922
0.0128102481986
0.010111223458
0.00656598818122
0.0120401337793
0.00812064965197
0.0179640718563
0.00510204081633
0.00475435816165
0.00575539568345
0.0171673819742
0.00232558139535
0.00710339384373
0.0213101815312
0.00767018216683
0.00503355704698
0.0126382306477
0.0269761606023
0.00684261974585
0.0135440180587
0.00893854748603
0.00246305418719
0.00162337662338
0.0121107266436
0.00414250207125
0.00619469026549
0.00497017892644
0.0059880239521
0.00619469026549
0.024948024948
0.00595681310499
0.0164609053498
0.00734843845683
0.0109670987039
0.0186078566506
0.0101419878296
0.0180817610063
0.0
0.00766871165644
0.0125944584383
0.00937207122774
0.0135811293781
0.0135849056604
0.00715990453461
0.0102714600147
0.0107084019769
0.0173041894353
0.00666296501943
0.0127659574468
0.0105263157895
0.00466355762825
0.0145833333333
0.00819061801936
0.0160701241782
0.0202874049028
0.0114739629303
0.0143198090692
0.00699300699301
0.0049504950495
0.00910273081925
0.0219106047327
0.0124309392265
0.00154083204931
0.00853658536585
0.00653594771242
0.0157958687728
0.0165048543689
0.00871839581517
0.0167832167832
0.00648148148148
0.0193263390392
0.0174146014735
0.00838323353293
0.0183823529412
0.00751072961373
0.00718484650555
0.00661157024793
0.0127591706539
0.00464252553389
0.0121608980355
0.00281690140845
0.00819112627986
0.0111683848797
0.00858778625954
0.00924214417745
0.00893854748603
0.0134793597304
0.00911640953717
0.0082850041425
0.00513698630137
0.00769230769231
0.014450867052
0.0021023125438
0.0134615384615
0.000994035785288
0.01024428684
0.00811485642946
0.003300330033
0.00769822940724
0.0146341463415
0.00662983425414
0.0102880658436
0.0106382978723
0.00750750750751
0.0182992465016
0.0240577385726
0.00601684717208
0.00538116591928
0.0047258979206
0.0077339520495
0.00694444444444
0.0157030692363
0.00789889415482
0.00530705079606
0.00418760469012
0.0127462340672
0.00991189427313
0.00977995110024
0.0208188757807
0.0122525918944
0.0190174326466
0.0148902821317
0.0125104253545
0.0239700374532
0.0213204951857
0.0168539325843
0.00576606260297
0.00977443609023
0.0116071428571
0.0141242937853
0.0141903171953
0.00642791551882
0.00624512099922
0.00754147812971
0.0169491525424
0.00894187779434
0.0119426751592
0.00769230769231
0.00840336134454
0.00555996822875
0.0028901734104
0.0109329446064
0.028085106383
0.00474308300395
0.00699300699301
0.0230966638152
0.00738310090238
0.0163265306122
0.00286327845383
0.0048465266559
0.00364520048603
0.0118460019743
0.00148588410104
0.0155737704918
0.00778546712803
0.0141612200436
0.00560897435897
0.00541027953111
0.0161166538757
0.00742741390952
0.0179163901792
0.00570125427594
0.006373486297
0.00387596899225
0.0139705882353
0.0168324407039
0.0212591986917
0.0183792815372
0.00745341614907
0.00457875457875
0.00490539593553
0.0028818443804
0.00547645125958
0.0045045045045
0.0118655240606
0.00707338638373
0.00428571428571
0.00502008032129
0.0112936344969
0.0213351686167
0.0
0.0213849287169
0.00352941176471
0.00200803212851
0.00285714285714
0.00686106346484
0.00962861072902
0.0147179067866
0.0124688279302
0.0283687943262
0.00290486564996
0.0126262626263
0.0101902173913
0.00896860986547
0.000934579439252
0.00629722921914
0.0105501130369
0.00187265917603
0.00628366247756
0.012539184953
0.00841750841751
0.00931966449208
0.0130353817505
0.00142348754448
0.0123348017621
0.0321782178218
0.0210593490747
0.015639374425
0.00610500610501
0.00969529085873
0.0118187787262
0.0291607396871
0.000722543352601
0.00637845499646
0.0111683848797
0.00846859562456
0.0135823429542
0.0189473684211
0.000721500721501
0.0128644939966
0.0153846153846
0.000753012048193
0.0132780082988
0.00715819613457
0.00998573466476
0.0121527777778
0.0139092240117
0.0107084019769
0.000740740740741
0.00991189427313
0.00821917808219
0.0175438596491
0.0223015165031
0.00156739811912
0.00955882352941
0.00675105485232
0.0305832147937
0.0107317073171
0.00479233226837
0.0149925037481
0.0177966101695
0.00561797752809
0.0173501577287
0.00845410628019
0.000970873786408
0.0139968895801
0.00916230366492
0.00307125307125
0.0715297450425
0.0132625994695
0.00511247443763
0.00911458333333
0.00698324022346
0.00963676797628
0.00651996740016
0.0
0.00579710144928
0.0158604282316
0.0204513399154
0.00709219858156
0.00630417651694
0.0178571428571
0.0460921843687
0.0144048521607
0.00205549845838
0.290697674419
0.00869565217391
0.00796812749004
0.0110826939471
0.010498687664
0.00620567375887
0.00910470409712
0.00215982721382
0.00975975975976
0.0169616519174
0.0142131979695
0.0
0.00444444444444
0.0035746201966
0.00860927152318
0.00371747211896
0.0128988458927
0.00572363041701
0.00449236298293
0.00418410041841
0.00467289719626
0.0042492917847
0.00600858369099
0.00930996714129
0.00884955752212
0.0106209150327
0.0101694915254
0.00291120815138
0.00322320709106
0.00651230101302
0.0298634812287
0.00578034682081
0.0268562401264
0.00674019607843
0.0140296180826
0.00746965452848
0.00227272727273
0.0085308056872
0.00951474785918
0.00389105058366
0.00629590766002
0.00122249388753
0.00374765771393
0.00116959064327
0.00393391030685
0.0146627565982
0.00119760479042
0.0251524390244
0.00902708124373
0.0092807424594
0.00485436893204
0.0140845070423
0.0118518518519
0.00785973397823
0.018901890189
0.0116959064327
0.00435413642961
0.00998185117967
0.0111768573307
0.00563607085346
0.0166333998669
0.00405186385737
0.0076071922545
0.00603621730382
0.00944206008584
0.00377002827521
0.00766016713092
0.0254506892895
0.00428396572827
0.0177902621723
0.0126083530339
0.010752688172
0.0244604316547
0.00624442462087
0.0195227765727
0.0214698596201
0.0178571428571
0.0136054421769
0.0115702479339
0.00782361308677
0.00725221595488
0.00343249427918
0.00234009360374
0.00769888793841
0.017798286091
0.00881057268722
0.00863930885529
0.0192076830732
0.0676968359088
0.00646087580761
0.0101569713758
0.00382043935053
0.00774593338497
0.00554785020804
0.00687876182287
0.00895036615134
0.00432152117545
0.0327586206897
0.0148786217698
0.00448095593727
0.00366636113657
0.0160857908847
0.0360272638754
0.00386697602475
0.0145067698259
0.0153524075366
0.00982142857143
0.0121673003802
0.00706991358995
0.0205831903945
0.00460223537147
0.00612244897959
0.00417972831766
0.0324629498941
0.00431344356578
0.0144832126399
0.0167865707434
0.00718849840256
0.0209627329193
0.0156985871272
0.00658978583196
0.0135338345865
0.00991325898389
0.00213827512473
0.00771208226221
0.0035746201966
0.000758150113723
0.0104918032787
0.019313304721
0.0087783467447
0.0106007067138
0.00781609195402
0.0292747837658
0.00870406189555
0.00717213114754
0.0105757931845
0.00478927203065
0.0077579519007
0.0138190954774
0.00743243243243
0.00289645184649
0.00342465753425
0.00257731958763
0.0167112299465
0.0122199592668
0.00561797752809
0.00688599846978
0.00569259962049
0.00438212094654
0.00534188034188
0.0110759493671
0.00609756097561
0.00196078431373
0.00365853658537
0.0098730606488
0.00934579439252
0.0109803921569
0.0153583617747
0.00617919670443
0.0309789343247
0.0161177295025
0.0182734719597
0.00720576461169
0.00222965440357
0.00850340136054
0.0027027027027
0.0120567375887
0.00815956482321
0.0259067357513
0.00986078886311
0.0175
0.0182584269663
0.0215475024486
0.00928381962865
0.0298353909465
0.0145423438837
0.0108063175395
0.0088141025641
0.0197044334975
0.00427046263345
0.0323715693174
0.0129270544783
0.00274725274725
0.0145602795574
0.018691588785
0.0159045725646
0.0053547523427
0.0132867132867
0.0036469730124
0.0127750177431
0.0212907518297
0.0159128978224
0.0152519893899
0.0186513629842
0.00933609958506
0.0425855513308
0.0127157129882
0.0126467931346
0.00156372165754
0.00530222693531
0.00584795321637
0.0135409614083
0.00399680255795
0.00499286733238
0.0177041690463
0.0162271805274
0.0180675569521
0.00791765637371
0.00315208825847
0.0125
0.0120724346076
0.0189818809318
0.00822368421053
0.00727934485896
0.00758213984836
0.00953206239168
0.00486787204451
0.00547945205479
0.00333555703803
0.00934579439252
0.00969932104753
0.00140056022409
0.0119331742243
0.00658436213992
0.0140306122449
0.00619674670798
0.00650054171181
0.00760456273764
0.00891632373114
0.0100076982294
0.00754147812971
0.0105263157895
0.00353356890459
0.0147975077882
0.00866217516843
0.0160278745645
0.013698630137
0.0107941403238
0.00393391030685
0.00262123197903
0.0133111480865
0.00531208499336
0.0135027799841
0.0262054507338
0.00179856115108
0.0117351215423
0.0109489051095
0.0171939477304
0.00780031201248
0.00364630811304
0.00523560209424
0.0101608806097
0.0201450443191
0.021932830706
0.0167272727273
0.00397140587768
0.0191304347826
0.00615384615385
0.00615595075239
0.0139982502187
0.0197368421053
0.0114416475973
0.00227445034117
0.00143472022956
0.010511562719
0.000758150113723
0.0326797385621
0.0105519480519
0.0120210368144
0.00586080586081
0.025974025974
0.00870322019147
0.0335260115607
0.00836120401338
0.00284090909091
0.0102848101266
0.00776397515528
0.00863930885529
0.0133079847909
0.00435161009574
0.0144258511252
0.0153846153846
0.0117073170732
0.0
0.00683371298405
0.00509554140127
0.00755124056095
0.00928505106778
0.0
0.00415973377704
0.0120481927711
0.0280289330922
0.00354609929078
0.0138121546961
0.00549450549451
0.00852878464819
0.00974421437272
0.0217065868263
0.0121546961326
0.0279589934762
0.0131795716639
0.00795053003534
0.0128755364807
0.0260374288039
0.0192113245703
0.00487329434698
0.0104166666667
0.00696378830084
0.0150523560209
0.00986842105263
0.00498338870432
0.0127334465195
0.0172413793103
0.0163812360387
0.00233826968044
0.00693481276006
0.00225479143179
0.0187424425635
0.00243013365735
0.01872909699
0.00958466453674
0.0089224433768
0.030679933665
0.00295857988166
0.0193164933135
0.039156626506
0.00677048070413
0.0236572890026
0.014828544949
0.0151430173864
0.00631199278629
0.0126156433978
0.0182516810759
0.0115207373272
0.0136307311029
0.0088781275222
0.00870942201108
0.0016
0.00921658986175
0.0
0.00325732899023
0.0164158686731
0.021524141943
0.0114192495922
0.00840840840841
0.0136612021858
0.00723888314374
0.00494350282486
0.00584795321637
0.00219538968167
0.00115740740741
0.0120481927711
0.0141093474427
0.00818330605565
0.0056270096463
0.0084835630965
0.0200546946217
0.00461893764434
0.0207885304659
0.011393514461
0.00769230769231
0.00998890122087
0.00766283524904
0.00395256916996
0.0232815964523
0.00193986420951
0.00386996904025
0.0035765379113
0.015444015444
0.0107142857143
0.00753941055517
0.011583011583
0.00715421303657
0.0251908396947
0.00351864883885
0.0220064724919
0.0165289256198
0.0159262363789
0.014131897712
0.00515463917526
0.00338983050847
0.00795372378886
0.0142348754448
0.0103270223752
0.00516605166052
0.00252206809584
0.00708306503542
0.00763358778626
0.00686106346484
0.0127157129882
0.0142743854084
0.00932203389831
0.00845665961945
0.0747740345111
0.0122655122655
0.00895255147717
0.0019267822736
0.0115658362989
0.0114803625378
0.00409416581372
0.0128824476651
0.0151679306609
0.0127819548872
0.00778210116732
0.0175619834711
0.0344311377246
0.00632183908046
0.0104895104895
0.0285400658617
0.0079575596817
0.0202558635394
0.0254614894971
0.0133124510572
0.00581395348837
0.0288461538462
0.0140216698534
0.00220994475138
0.00369822485207
0.00387221684414
0.00436999271668
0.024500907441
0.0138775510204
0.0186274509804
0.0300957592339
0.0108043217287
0.00931414055885
0.0109990834097
0.0249679897567
0.0127750177431
0.0140148392415
0.00857632933105
0.0169635284139
0.0141969831411
0.0143240823635
0.0100697134005
0.0104790419162
0.00351185250219
0.0110864745011
0.0184049079755
0.0042492917847
0.0116363636364
0.00626740947075
0.0143171806167
0.00240192153723
0.0243902439024
0.00445765230312
0.00380710659898
0.0199485199485
0.0237366003063
0.0
0.00556792873051
0.0154820548909
0.0146551724138
0.000988630746416
0.0
0.0179372197309
0.0107430617726
0.0194805194805
0.00871731008717
0.0290909090909
0.0258302583026
0.00857365549493
0.00734693877551
0.0149700598802
0.00511073253833
0.00257731958763
0.0136239782016
0.00805008944544
0.0149965916837
0.00796524257784
0.00997008973081
0.00360685302074
0.0113177041229
0.0101449275362
0.0229508196721
0.00699912510936
0.0086682427108
0.00700770847933
0.0149447693307
0.0
0.00164744645799
0.0104022191401
0.00655976676385
0.0014245014245
0.0019120458891
0.00873907615481
0.0115774240232
0.00168918918919
0.012987012987
0.00961538461538
0.0221238938053
0.00995575221239
0.00821018062397
0.0167958656331
0.00490196078431
0.0177462289264
0.0123456790123
0.0203951561504
0.00694444444444
0.00176366843034
0.0187573270809
0.0106183635228
0.0111111111111
0.0256222547584
0.0263435194942
0.016339869281
0.00955414012739
0.00769230769231
0.0214745884037
0.0251141552511
0.00149476831091
0.00990099009901
0.00529567519859
0.022496371553
0.0187573270809
0.00378071833648
0.00996168582375
0.0232281119714
0.00442477876106
0.0178432893716
0.00365853658537
0.00988467874794
0.013764624914
0.00477554918816
0.00933908045977
0.0126582278481
0.0159176029963
0.0
0.00848111025443
0.00574162679426
0.00807955251709
0.00149253731343
0.0266903914591
0.0156087408949
0.00766016713092
0.00132890365449
0.00779423226812
0.00903342366757
0.00581818181818
0.00871080139373
0.0111768573307
0.00682261208577
0.0130168453292
0.00589390962672
0.0298661174047
0.0148920327625
0.014714204867
0.011811023622
0.00969932104753
0.0102761721259
0.00872727272727
0.0159010600707
0.00552922590837
0.0
0.0152403282532
0.00404858299595
0.0066181336863
0.0169361046959
0.00782122905028
0.00568181818182
0.00715563506261
0.0173985086993
0.00592216582064
0.00806451612903
0.0210593490747
0.0156114483955
0.0141843971631
0.025075225677
0.0039331366765
0.00298284862043
0.0115606936416
0.00959023539669
0.00408163265306
0.00329163923634
0.00764006791171
0.0074812967581
0.00629590766002
0.00434782608696
0.0315270935961
0.00623330365093
0.0141078838174
0.01607267645
0.00549954170486
0.00677966101695
0.0306267806268
0.00652985074627
0.00422535211268
0.0180995475113
0.0162381596752
0.010455104551
0.00647548566142
0.0166346769034
0.00590405904059
0.00941492938803
0.00359712230216
0.0037037037037
0.0277777777778
0.00247933884298
0.00317124735729
0.0124716553288
0.00374812593703
0.0235741444867
0.0173913043478
0.00493015612161
0.00731382978723
0.0116448326055
0.00247524752475
0.0312028183191
0.0283505154639
0.0240963855422
0.00107991360691
0.0103376981392
0.00710479573712
0.0236742424242
0.0194610778443
0.0100558659218
0.00792079207921
0.0122282608696
0.0324357405141
0.00554400554401
0.00463678516229
0.0284592737978
0.00929614873838
0.0107349298101
0.00518518518519
0.00876232201533
0.0140740740741
0.014014014014
0.00266903914591
0.0075329566855
0.00538358008075
0.00603136308806
0.0124087591241
0.0116883116883
0.0116279069767
0.00573248407643
0.0102110279101
0.0080142475512
0.00786713286713
0.0124908155768
0.0135265700483
0.0102127659574
0.0131348511384
0.0266075388027
0.00656598818122
0.0055423594616
0.00702576112412
0.0264623955432
0.00544959128065
0.00585223116313
0.0138203356367
0.0169117647059
0.0139335476956
0.00398406374502
0.0394736842105
0.0157342657343
0.00832639467111
0.0244835501148
0.0373216245884
0.0114416475973
0.0191956124314
0.0115690527838
0.0134228187919
0.00983146067416
0.0140581068416
0.00697134004648
0.0134788189987
0.0349544072948
0.0223804679552
0.00564971751412
0.0249662618084
0.0124895920067
0.0142180094787
0.00700116686114
0.00434404865334
0.0383711824589
0.00245499181669
0.00746825989544
0.00492004920049
0.00171232876712
0.00398406374502
0.0102774922919
0.00591216216216
0.00484496124031
0.0
0.0138734739179
0.0180995475113
0.0369702434626
0.0117647058824
0.0203619909502
0.0061871616396
0.00503144654088
0.00809352517986
0.0200276243094
0.00426439232409
0.00911161731207
0.0175120772947
0.00805369127517
0.00586854460094
0.0114709851552
0.00462249614792
0.00444839857651
0.0036832412523
0.00281162136832
0.020202020202
0.0104931794334
0.019801980198
0.0110294117647
0.0245454545455
0.00363967242948
0.0144486692015
0.0101880877743
0.0172413793103
0.00965824665676
0.00212992545261
0.000724112961622
0.00322061191626
0.0262361251261
0.00300150075038
0.00444444444444
0.0120080053369
0.00894187779434
0.0155502392344
0.00949094046592
0.0350427350427
0.0221606648199
0.0169061707523
0.00426742532006
0.009375
0.01171875
0.0107978404319
0.00480769230769
0.00647482014388
0.0223546944858
0.0360766629087
0.00835073068894
0.00492610837438
0.00437636761488
0.00219298245614
0.001
0.0132052821128
0.0
0.00413711583924
0.0168644597127
0.00805951642901
0.00974421437272
0.01728553137
0.0223166843783
0.0106557377049
0.00615114235501
0.00516605166052
0.00811541929666
0.0175879396985
0.00186219739292
0.0297565374211
0.00755033557047
0.0
0.0136612021858
0.000640614990391
0.0134874759152
0.00122174709835
0.0219579139982
0.00829875518672
0.0127627627628
0.00856031128405
0.00858369098712
0.0142945929149
0.00326157860404
0.0135440180587
0.0021897810219
0.051724137931
0.0257558790594
0.0105973025048
0.0170347003155
0.0099173553719
0.0227057710501
0.00952380952381
0.0234741784038
0.0168577208361
0.0062805303559
0.00821018062397
0.00265957446809
0.0239130434783
0.00401606425703
0.00462107208872
0.00519480519481
0.0113339145597
0.0103780578206
0.0
0.00439367311072
0.00609291698401
0.00354107648725
0.00240192153723
0.00200400801603
0.000721500721501
0.00587371512482
0.00492957746479
0.0211554109032
0.00393391030685
0.00737759892689
0.00487804878049
0.0
0.00307125307125
0.00743745774172
0.0
0.003861003861
0.0113753877973
0.00720838794233
0.00654069767442
0.0134146341463
0.0148148148148
0.017955801105
0.0138549307253
0.0151734104046
0.014406779661
0.0138662316476
0.0135635018496
0.00431034482759
0.00376789751319
0.0157170923379
0.00698080279232
0.00418702023726
0.00363108206245
0.0146699266504
0.00136239782016
0.00233463035019
0.01191362621
0.0120578778135
0.0144648023144
0.0154673839946
0.0154202004626
0.00581959262852
0.0113528855251
0.0157232704403
0.00142755174875
0.00486381322957
0.00936170212766
0.038036809816
0.0273556231003
0.0102739726027
0.0089179548157
0.00998185117967
0.00897435897436
0.00439238653001
0.0153707052441
0.00826446280992
0.0304955527319
0.0288461538462
0.00306435137896
0.0101229211858
0.00793650793651
0.0514429109159
0.0248120300752
0.0151260504202
0.0115163147793
0.0118694362018
0.0242634315425
0.00499583680266
0.0300693909021
0.018675721562
0.0268886043534
0.00194678780013
0.0198358413133
0.0110987791343
0.0103734439834
0.00816993464052
0.0025041736227
0.020814479638
0.00994694960212
0.00438596491228
0.0258964143426
0.0157261794635
0.014483627204
0.00714853057983
0.00199071001991
0.00623700623701
0.0257142857143
0.0187891440501
0.0291262135922
0.0114025085519
0.00595238095238
0.00497512437811
0.00711743772242
0.00594795539033
0.0351931330472
0.01
0.00245499181669
0.0152823920266
0.00439882697947
0.000949667616334
0.0175438596491
0.0260303687636
0.005
0.0242305173543
0.0062656641604
0.011
0.0208136234626
0.00596569724087
0.0100755667506
0.00672043010753
0.00508259212198
0.0103092783505
0.0166007905138
0.015455950541
0.0428713858425
0.0249791840133
0.00253485424588
0.00213903743316
0.016393442623
0.00630063006301
0.00765696784074
0.00558659217877
0.00492610837438
0.00239616613419
0.00512491992313
0.00818452380952
0.00806451612903
0.0332015810277
0.0110957004161
0.00378548895899
0.00140252454418
0.00764331210191
0.01050558109
0.00596816976127
0.00846805234796
0.0133146461107
0.010582010582
0.00885558583106
0.000901713255185
0.035141329259
0.0154411764706
0.01401179941
0.0232558139535
0.0128342245989
0.0281124497992
0.016983016983
0.0086682427108
0.0171026156942
0.00324675324675
0.00767754318618
0.00740055504163
0.0278716216216
0.0139737991266
0.00851667849539
0.0167487684729
0.0157676348548
0.0118632240056
0.0111502347418
0.00661157024793
0.00779220779221
0.0120942075111
0.00145560407569
0.0113808801214
0.015625
0.0110192837466
0.0128205128205
0.00324939073924
0.0136054421769
0.00723065798988
0.00532386867791
0.0133511348465
0.0185873605948
0.00589390962672
0.0139049826188
0.00669456066946
0.0259605399792
0.00805639476334
0.00460829493088
0.00464576074332
0.0293159609121
0.0016992353441
0.0103537532355
0.0136239782016
0.00799289520426
0.00290486564996
0.0119402985075
0.00597014925373
0.00143781452193
0.00490196078431
0.00756938603869
0.0049504950495
0.0381205673759
0.013468013468
0.00618131868132
0.0100574712644
0.00105374077977
0.0057678442682
0.00510204081633
0.0105605199025
0.00990099009901
0.0118430792006
0.0235969387755
0.0716820440028
0.0059925093633
0.0107737512243
0.00977198697068
0.00998185117967
0.00485436893204
0.0147172734314
0.00529801324503
0.0177514792899
0.00169204737733
0.0102040816327
0.00743494423792
0.00479616306954
0.00977573317999
0.0055910543131
0.00927487352445
0.00701480904131
0.0113895216401
0.00556881463803
0.0114860014358
0.0127226463104
0.00796178343949
0.00696517412935
0.0192122958694
0.00587851077727
0.00854037267081
0.0129709697344
0.0107632093933
0.00178412132025
0.00410846343468
0.00411805078929
0.00621546961326
0.00222551928783
0.0254452926209
0.0084388185654
0.00597371565114
0.0118601747815
0.00823610157859
0.00280308339173
0.0138775510204
0.0185317177477
0.017075773746
0.00447427293065
0.00780141843972
0.0296084049666
0.0120048019208
0.0212598425197
0.0133607399794
0.0201706749418
0.00963597430407
0.00634249471459
0.026055705301
0.00838926174497
0.00931899641577
0.0224719101124
0.00673854447439
0.0185334407736
0.00770416024653
0.00977653631285
0.0224719101124
0.00607441154138
0.0407949790795
0.0116959064327
0.0137184115523
0.00728597449909
0.0124508519004
0.00189035916824
0.0224780701754
0.00673076923077
0.0198105081826
0.00813008130081
0.0025466893039
0.00198807157058
0.0116472545757
0.0040187541862
0.00302800908403
0.0053715308863
0.0173535791757
0.031746031746
0.00288461538462
0.0134529147982
0.0199479618387
0.00452488687783
0.00759974667511
0.0323691460055
0.0124095139607
0.0477064220183
0.0221631205674
0.0229885057471
0.00553797468354
0.0461538461538
0.012417218543
0.0174418604651
0.011914893617
0.00759734093067
0.0488006617039
0.00803673938002
0.0102201257862
0.0169366715758
0.00521221146687
0.0056258790436
0.00621600621601
0.00150715900528
0.0275229357798
0.0153964588145
0.0168657765285
0.0109356014581
0.00439422473321
0.00527505651846
0.00754975978037
0.0149812734082
0.0125111706881
0.0122180451128
0.0199203187251
0.00647249190939
0.00741198270537
0.0339892665474
0.00694980694981
0.0379377431907
0.0116279069767
0.0181818181818
0.0238663484487
0.0250587314017
0.00828937452901
0.0471014492754
0.00938566552901
0.0231621349446
0.0201834862385
0.0117302052786
0.0249307479224
0.0014245014245
0.0260384376937
0.00102145045965
0.00549073438572
0.0101408450704
0.0210711150132
0.0032154340836
0.0259505129753
0.01171875
0.00923076923077
0.0169172932331
0.0264681555004
0.0339350180505
0.00518134715026
0.0407378939277
0.00928792569659
0.0218531468531
0.00317208564631
0.0103199174407
0.017029972752
0.006628003314
0.0200764818356
0.00958657878969
0.0121359223301
0.0197789412449
0.01643017177
0.0202342917998
0.0280701754386
0.0138613861386
0.00616332819723
0.0320855614973
0.0107421875
0.0169204737733
0.0214953271028
0.0213191205863
0.00729927007299
0.0122591943958
0.0162842339008
0.02016985138
0.00706357214934
0.00804289544236
0.0219941348974
0.0570953436807
0.00784655623365
0.00694980694981
0.027027027027
0.00942760942761
0.00515907136715
0.0191176470588
0.0228365384615
0.0102790014684
0.00742804085422
0.00398724082935
0.00716204118174
0.00605601816805
0.021113243762
0.0106856634016
0.0208816705336
0.00789177001127
0.00852713178295
0.0157303370787
0.0122807017544
0.00839054157132
0.0165137614679
0.0122126436782
0.00172711571675
0.00856653340948
0.0194805194805
0.026265214606
0.00237154150198
0.012676056338
0.0046439628483
0.000951474785918
0.011417697431
0.0143338954469
0.00813008130081
0.00820283370619
0.0191717791411
0.00772797527048
0.0441767068273
0.0308464849354
0.00410798122066
0.0240715268226
0.00942760942761
0.0105348460292
0.0383711824589
0.0151878497202
0.00813008130081
0.00826446280992
0.0169189670525
0.00629370629371
0.0115044247788
0.021609538003
0.0102145045965
0.01246105919
0.0319383259912
0.0183823529412
0.0579591836735
0.00931414055885
0.00369685767098
0.00987432675045
0.0044964028777
0.0216346153846
0.0173824130879
0.017687934302
0.00655737704918
0.0142857142857
0.0176860722181
0.0121845082681
0.0234833659491
0.0116801437556
0.0378109452736
0.00299850074963
0.00750938673342
0.0201874549387
0.0109789569991
0.0221285563751
0.0249791840133
0.00983606557377
0.0166493236212
0.00946372239748
0.00952380952381
0.0116279069767
0.0113421550095
0.0018115942029
0.00626678603402
0.0680977054034
0.0237529691211
0.0292134831461
0.036187113857
0.009
0.00919305413687
0.0163424124514
0.00660066006601
0.00670690811536
0.0126771066368
0.0258780036969
0.0208926875594
0.0196445275959
0.0192444761226
0.0632447296059
0.0266075388027
0.0146545708304
0.014131897712
0.00764006791171
0.0122214234364
0.016849199663
0.0191666666667
0.0156936597615
0.0218623481781
0.000986193293886
0.013256006628
0.00479123887748
0.00894568690096
0.0074812967581
0.0088781275222
0.00818553888131
0.00836820083682
0.0275330396476
0.0337197049526
0.016317016317
0.003861003861
0.00949152542373
0.00431406384814
0.0145044319098
0.0190812720848
0.0105189340813
0.0106069534473
0.017094017094
0.00525131282821
0.00512820512821
0.0258964143426
0.013986013986
0.0144534778681
0.00536912751678
0.0048828125
0.0136054421769
0.0297239915074
0.00649819494585
0.0166852057842
0.0188034188034
0.0267471958585
0.0335070737156
0.0169971671388
0.00818713450292
0.0100235849057
0.00629921259843
0.0191277735272
0.0219465648855
0.0109814687714
0.017652250662
0.0114503816794
0.00957746478873
0.0209394453877
0.036850921273
0.100509832484
0.0161172161172
0.00972897845726
0.0218579234973
0.013
0.0219378427788
0.018018018018
0.0147383935151
0.012389380531
0.0197934595525
0.0182481751825
0.0186263096624
0.011329305136
0.0268582136165
0.0194761584956
0.0138888888889
0.0087440381558
0.0142642642643
0.0294759825328
0.0294117647059
0.0375796178344
0.0087260034904
0.0151515151515
0.0116758241758
0.0217391304348
0.00794281175536
0.017310252996
0.0241514360313
0.00993377483444
0.0128885519333
0.00807754442649
0.0289179104478
0.00584225900682
0.00969766115231
0.0620437956204
0.0125104253545
0.00132450331126
0.0146198830409
0.0227272727273
0.0158402203857
0.0067214339059
0.024211298606
0.0358974358974
0.0185728250244
0.00892133008921
0.00989345509893
0.0198198198198
0.00941176470588
0.00224215246637
0.0139813581891
0.010752688172
0.00202634245187
0.0228310502283
0.0155102040816
0.0189969604863
0.0165876777251
0.0109060402685
0.0156657963446
0.00147928994083
0.0208333333333
0.0475746268657
0.0851063829787
0.0132780082988
0.0172117039587
0.0224719101124
0.0150669642857
0.0133079847909
0.000728332119446
0.0137931034483
0.0189075630252
0.0127326150833
0.011385199241
0.00617707618394
0.360890302067
0.0309278350515
0.00933955970647
0.0115146147033
0.037323943662
0.0143725815368
0.0193965517241
0.0124653739612
0.0126282557222
0.00762066045724
0.00810185185185
0.00887978142077
0.00512820512821
0.0225988700565
0.0208783297336
0.00617760617761
0.0108459869848
0.00224887556222
0.00877192982456
0.0183626625861
0.00963391136802
0.0162703379224
0.0173124484749
0.0112359550562
0.0049504950495
0.00634249471459
0.0340425531915
0.0300171526587
0.0232350312779
0.0286561264822
0.0301418439716
0.00675675675676
0.00438596491228
0.00396825396825
0.0244082840237
0.0137254901961
0.00318217979316
0.0277777777778
0.0125173852573
0.0107047279215
0.00705882352941
0.0198376916141
0.0277136258661
0.016724738676
0.0153349475383
0.0150812064965
0.0160384923817
0.00512070226774
0.00540054005401
0.0109631949883
0.0104585679807
0.00692383778437
0.0253837072019
0.013769363167
0.0272556390977
0.0134920634921
0.00210674157303
0.00330578512397
0.0220858895706
0.00449438202247
0.016599885518
0.0163043478261
0.0159744408946
0.0202916930881
0.011135857461
0.0368497109827
0.0165234633179
0.0126329787234
0.0122950819672
0.0366972477064
0.00793021411578
0.0164835164835
0.00486618004866
0.0136635354398
0.011811023622
0.0084835630965
0.0119402985075
0.066551426102
0.0150107219442
0.0359477124183
0.0164319248826
0.0130952380952
0.000733675715334
0.00625978090767
0.0344155844156
0.0225428313796
0.0120879120879
0.0235910878113
0.0132827324478
0.0177606177606
0.00472813238771
0.00834202294056
0.0198412698413
0.0350997935306
0.00846432889964
0.015
0.0164670658683
0.00638467677574
0.00719895287958
0.0102827763496
0.0103092783505
0.0121776504298
0.0132681564246
0.0181634712412
0.0259661835749
0.0102230483271
0.0155440414508
0.00493305144468
0.0113360323887
0.00887902330744
0.0152941176471
0.0130468150422
0.0116166505324
0.00918273645546
0.0281690140845
0.011013215859
0.0128398791541
0.0191082802548
0.0136327185245
0.0
0.0104068117313
0.0390930414386
0.0139935414424
0.0188457008245
0.0133729569094
0.0275785990072
0.004400440044
0.025641025641
0.0123456790123
0.0285714285714
0.035141329259
0.0281848928974
0.0174418604651
0.0153403643337
0.0139581256231
0.00399361022364
0.00879765395894
0.00866738894908
0.0175970873786
0.0262172284644
0.00913562895292
0.00813008130081
0.0222222222222
0.0222841225627
0.0236724248241
0.0212962962963
0.00920810313076
0.0228706624606
0.0254854368932
0.0122029543995
0.0123617436565
0.009765625
0.0305810397554
0.01317715959
0.0291891891892
0.0203592814371
0.00376647834275
0.0262773722628
0.0161153519932
0.0576735092864
0.0171258376768
0.0195729537367
0.0129081245254
0.0469798657718
0.0133333333333
0.0154385964912
0.00956284153005
0.00788177339901
0.0110461338532
0.00835073068894
0.0129533678756
0.0121951219512
0.0165615141956
0.0205162144275
0.0295652173913
0.0381679389313
0.00525525525526
0.0076660988075
0.00825593395253
0.0371775417299
0.00995475113122
0.0192165558019
0.0165631469979
0.0116533139111
0.0197823936696
0.00178094390027
0.0056258790436
0.00814479638009
0.00789889415482
0.012
0.010325655282
0.018410041841
0.0115452930728
0.0093896713615
0.00589225589226
0.00239664469742
0.0110921501706
0.0186186186186
0.0121753246753
0.00448933782267
0.00859598853868
0.339805825243
0.0212591986917
0.00996376811594
0.0250260688217
0.0125899280576
0.0217965653897
0.0215277777778
0.00819672131148
0.0241448692153
0.0167079207921
0.00710900473934
0.0354077253219
0.0166112956811
0.0204081632653
0.031175059952
0.0527817403709
0.0215633423181
0.013680781759
0.0198198198198
0.0442043222004
0.0180250783699
0.0114795918367
0.00889801505818
0.0181975736568
0.0239669421488
0.0174978127734
0.0109090909091
0.0374181478017
0.0095818815331
0.0290117860381
0.0248373743347
0.0248226950355
0.0165148063781
0.00365408038977
0.0167272727273
0.00429184549356
0.0100541376643
0.0218373493976
0.0207813798836
0.00810372771475
0.0217797137523
0.0125293657009
0.020725388601
0.00240384615385
0.00675675675676
0.0120481927711
0.0287150035894
0.00912280701754
0.0152866242038
0.0122757318225
0.00533333333333
0.0173646578141
0.0342465753425
0.0178448867536
0.0
0.00116686114352
0.0166540499621
0.00500417014178
0.0226843100189
0.0139603232917
0.00561097256858
0.0114436619718
0.00701754385965
0.0225563909774
0.0232558139535
0.0321199143469
0.0103626943005
0.0103703703704
0.002886002886
0.00647249190939
0.00386847195358
0.00650054171181
0.000606796116505
0.0
0.00538358008075
0.0118953211737
0.0126239855726
0.0214395099541
0.00986031224322